日期,股票代码,开盘,收盘,最高,最低,成交量,成交额,振幅,涨跌幅,涨跌额,换手率
2019-01-17,603332,13.97,13.97,13.97,13.97,537,1503063.0,0.0,50.7,4.7,0.18
2019-01-18,603332,15.51,15.51,15.51,15.51,637,1960030.0,0.0,11.02,1.54,0.21
2019-01-21,603332,17.2,17.2,17.2,17.2,1255,4252108.0,0.0,10.9,1.69,0.42
2019-01-22,603332,19.06,19.06,19.06,19.06,8593,32018673.0,0.0,10.81,1.86,2.89
2019-01-23,603332,21.11,21.11,21.11,21.11,10734,43999117.0,0.0,10.76,2.05,3.61
2019-01-24,603332,23.37,23.37,23.37,23.37,3948,17800495.0,0.0,10.71,2.26,1.33
2019-01-25,603332,24.42,24.36,25.68,23.87,207637,981671952.0,7.74,4.24,0.99,69.83
2019-01-28,603332,21.83,21.78,22.37,21.78,40723,173060537.0,2.42,-10.59,-2.58,13.7
2019-01-29,603332,19.47,20.17,20.78,19.47,130638,508367344.0,6.01,-7.39,-1.61,43.93
2019-01-30,603332,19.76,20.22,21.1,19.71,99505,395989408.0,6.89,0.25,0.05,33.46
2019-01-31,603332,19.8,18.06,19.9,18.06,105061,379713504.0,9.1,-10.68,-2.16,35.33
2019-02-01,603332,18.16,18.17,18.51,17.62,76283,271591136.0,4.93,0.61,0.11,25.65
2019-02-11,603332,18.27,18.9,19.12,18.1,79494,290489392.0,5.61,4.02,0.73,26.73
2019-02-12,603332,19.2,19.68,20.6,19.2,115500,446839888.0,7.41,4.13,0.78,38.84
2019-02-13,603332,19.37,19.61,19.79,19.0,89907,340815296.0,4.01,-0.36,-0.07,30.24
2019-02-14,603332,19.47,20.01,20.35,19.29,98068,379968256.0,5.41,2.04,0.4,32.98
2019-02-15,603332,20.01,19.68,20.54,19.59,82932,323480032.0,4.75,-1.65,-0.33,27.89
2019-02-18,603332,19.53,20.24,20.24,18.93,104665,401902496.0,6.66,2.85,0.56,35.2
2019-02-19,603332,19.96,20.56,20.84,19.75,123964,489512544.0,5.39,1.58,0.32,41.69
2019-02-20,603332,20.31,19.73,20.55,19.59,82382,320805136.0,4.67,-4.04,-0.83,27.71
2019-02-21,603332,19.66,19.45,19.99,19.25,70014,267509208.0,3.75,-1.42,-0.28,23.55
2019-02-22,603332,19.45,19.47,19.66,19.31,52990,201491966.0,1.8,0.1,0.02,17.82
2019-02-25,603332,19.47,20.33,20.42,19.37,92739,359914416.0,5.39,4.42,0.86,31.19
2019-02-26,603332,20.57,20.53,21.52,20.37,132357,537637856.0,5.66,0.98,0.2,44.51
2019-02-27,603332,20.26,21.09,21.17,19.77,113622,452261760.0,6.82,2.73,0.56,38.21
2019-02-28,603332,21.03,20.78,21.56,20.67,81119,331981728.0,4.22,-1.47,-0.31,27.28
2019-03-01,603332,20.74,20.65,21.11,20.23,63153,253584074.0,4.23,-0.63,-0.13,21.24
2019-03-04,603332,20.55,20.67,21.26,20.51,79069,320069792.0,3.63,0.1,0.02,26.59
2019-03-05,603332,20.35,20.53,20.55,20.25,61617,244516862.0,1.45,-0.68,-0.14,20.72
2019-03-06,603332,20.65,21.03,21.49,20.46,93784,383046752.0,5.02,2.44,0.5,31.54
2019-03-07,603332,20.89,23.27,23.27,20.72,162474,702315664.0,12.13,10.65,2.24,54.64
2019-03-08,603332,22.49,20.89,22.99,20.8,122136,523390048.0,9.41,-10.23,-2.38,41.07
2019-03-11,603332,20.79,21.34,21.37,20.32,70853,289175664.0,5.03,2.15,0.45,23.83
2019-03-12,603332,21.39,21.46,21.66,20.91,81531,337434416.0,3.51,0.56,0.12,27.42
2019-03-13,603332,21.34,19.96,21.34,19.77,65364,263780763.0,7.32,-6.99,-1.5,21.98
2019-03-14,603332,19.68,18.97,20.0,18.43,55624,207735180.0,7.87,-4.96,-0.99,18.71
2019-03-15,603332,18.99,19.09,19.19,18.66,36151,134345018.0,2.79,0.63,0.12,12.16
2019-03-18,603332,19.11,19.67,19.68,19.11,38164,145136591.0,2.99,3.04,0.58,12.83
2019-03-19,603332,19.64,19.55,19.71,19.43,29643,113032786.0,1.42,-0.61,-0.12,9.97
2019-03-20,603332,19.57,19.5,19.73,19.18,29057,110276245.0,2.81,-0.26,-0.05,9.77
2019-03-21,603332,19.44,19.49,19.67,19.42,28638,109091478.0,1.28,-0.05,-0.01,9.63
2019-03-22,603332,19.5,19.29,19.61,19.09,26382,99656937.0,2.67,-1.03,-0.2,8.87
2019-03-25,603332,18.92,18.92,19.18,18.57,22813,84330727.0,3.16,-1.92,-0.37,7.67
2019-03-26,603332,19.03,19.12,19.36,18.9,23433,87676143.0,2.43,1.06,0.2,7.88
2019-03-27,603332,19.17,18.85,19.29,18.78,21447,79359333.0,2.67,-1.41,-0.27,7.21
2019-03-28,603332,18.72,18.17,18.85,18.13,26159,94685788.0,3.82,-3.61,-0.68,8.8
2019-03-29,603332,18.1,18.57,18.62,17.95,22396,80373742.0,3.69,2.2,0.4,7.53
2019-04-01,603332,18.65,19.05,19.12,18.6,26756,99047421.0,2.8,2.58,0.48,9.0
2019-04-02,603332,19.06,19.09,19.19,18.86,27990,104100671.0,1.73,0.21,0.04,9.41
2019-04-03,603332,19.06,19.2,19.55,18.62,32276,121272613.0,4.87,0.58,0.11,10.85
2019-04-04,603332,19.33,19.55,19.77,19.21,39623,150364835.0,2.92,1.82,0.35,13.33
2019-04-08,603332,20.27,19.88,21.06,19.86,75558,300777632.0,6.14,1.69,0.33,25.41
2019-04-09,603332,19.46,19.25,19.68,19.1,42890,161716925.0,2.92,-3.17,-0.63,14.42
2019-04-10,603332,19.14,18.94,19.14,18.76,29529,109247478.0,1.97,-1.61,-0.31,9.93
2019-04-11,603332,19.16,18.87,19.23,18.66,19223,71181154.0,3.01,-0.37,-0.07,6.46
2019-04-12,603332,18.81,19.0,19.08,18.73,15140,56004319.0,1.85,0.69,0.13,5.09
2019-04-15,603332,19.2,18.79,19.3,18.77,16842,62705828.0,2.79,-1.11,-0.21,5.66
2019-04-16,603332,18.81,18.89,18.98,18.51,18952,69542367.0,2.5,0.53,0.1,6.37
2019-04-17,603332,18.89,18.84,19.0,18.68,17754,65481943.0,1.69,-0.26,-0.05,5.97
2019-04-18,603332,18.84,18.38,18.84,18.34,21748,79070346.0,2.65,-2.44,-0.46,7.31
2019-04-19,603332,18.29,18.51,18.59,18.29,11157,40324918.0,1.63,0.71,0.13,3.75
2019-04-22,603332,18.59,18.23,18.64,18.05,17459,62644163.0,3.19,-1.51,-0.28,5.87
2019-04-23,603332,18.23,18.29,18.58,18.21,15064,54321605.0,2.03,0.33,0.06,5.07
2019-04-24,603332,18.25,18.15,18.32,17.97,13717,48683571.0,1.91,-0.77,-0.14,4.61
2019-04-25,603332,18.07,17.89,18.57,17.88,19124,68444331.0,3.8,-1.43,-0.26,6.43
2019-04-26,603332,17.84,17.04,17.84,17.03,21620,73661924.0,4.53,-4.75,-0.85,7.27
2019-04-29,603332,17.07,15.37,17.2,15.25,25562,80967742.0,11.44,-9.8,-1.67,8.6
2019-04-30,603332,15.55,15.73,15.89,15.44,12830,39943591.0,2.93,2.34,0.36,4.31
2019-05-06,603332,15.24,14.32,15.32,14.13,21800,64093898.0,7.57,-8.96,-1.41,7.33
2019-05-07,603332,14.41,14.73,14.73,14.36,13637,39630109.0,2.58,2.86,0.41,4.59
2019-05-08,603332,14.5,15.01,15.24,14.31,19432,57432186.0,6.31,1.9,0.28,6.54
2019-05-09,603332,14.81,15.04,15.23,14.8,15385,46093534.0,2.86,0.2,0.03,5.17
2019-05-10,603332,15.09,15.28,15.38,14.53,20259,61158378.0,5.65,1.6,0.24,6.81
2019-05-13,603332,15.09,15.07,15.27,14.98,10562,31751420.0,1.9,-1.37,-0.21,3.55
2019-05-14,603332,14.79,14.88,15.16,14.76,9438,28072738.0,2.65,-1.26,-0.19,3.17
2019-05-15,603332,15.04,15.18,15.29,15.02,11314,34069145.0,1.81,2.02,0.3,3.8
2019-05-16,603332,15.23,15.22,15.27,15.07,10981,33175613.0,1.32,0.26,0.04,3.69
2019-05-17,603332,15.21,14.68,15.72,14.53,21560,65195802.0,7.82,-3.55,-0.54,7.25
2019-05-20,603332,14.33,14.0,14.33,13.26,16907,47048617.0,7.29,-4.63,-0.68,5.69
2019-05-21,603332,13.93,14.42,14.47,13.93,13175,37807554.0,3.86,3.0,0.42,4.43
2019-05-22,603332,14.44,14.2,14.5,14.09,9166,26101387.0,2.84,-1.53,-0.22,3.08
2019-05-23,603332,14.21,13.57,14.22,13.43,13425,37053528.0,5.56,-4.44,-0.63,4.51
2019-05-24,603332,13.71,13.94,14.01,13.49,11610,32215064.0,3.83,2.73,0.37,3.9
2019-05-27,603332,13.92,14.47,14.5,13.92,14295,40884030.0,4.16,3.8,0.53,4.81
2019-05-28,603332,14.49,14.32,14.57,14.32,11849,34167217.0,1.73,-1.04,-0.15,3.98
2019-05-29,603332,14.34,14.64,15.0,14.25,14946,43924424.0,5.24,2.23,0.32,5.03
2019-05-30,603332,14.55,15.18,15.24,14.55,23685,70644189.0,4.71,3.69,0.54,7.97
2019-05-31,603332,15.16,15.75,16.16,14.84,36348,112273893.0,8.7,3.75,0.57,12.22
2019-06-03,603332,16.11,15.19,16.26,15.07,26666,81999635.0,7.56,-3.56,-0.56,8.97
2019-06-04,603332,15.16,14.39,15.16,14.31,18027,51007212.0,5.6,-5.27,-0.8,6.06
2019-06-05,603332,14.56,14.19,14.8,14.13,11241,31517715.0,4.66,-1.39,-0.2,3.78
2019-06-06,603332,14.2,13.56,14.2,13.5,11994,32361135.0,4.93,-4.44,-0.63,4.03
2019-06-10,603332,13.68,13.81,13.99,13.65,7287,19673101.0,2.51,1.84,0.25,2.45
2019-06-11,603332,14.0,14.31,14.41,13.82,14554,40192590.0,4.27,3.62,0.5,4.89
2019-06-12,603332,14.29,14.2,14.42,14.2,9466,26356975.0,1.54,-0.77,-0.11,3.18
2019-06-13,603332,14.28,14.18,14.28,13.98,8856,24394788.0,2.11,-0.14,-0.02,2.98
2019-06-14,603332,14.25,13.71,14.27,13.7,10545,28827995.0,4.02,-3.31,-0.47,3.55
2019-06-17,603332,13.71,14.0,14.0,13.34,8474,22861904.0,4.81,2.12,0.29,2.85
2019-06-18,603332,13.93,14.28,14.34,13.89,13459,37315205.0,3.21,2.0,0.28,4.53
2019-06-19,603332,14.51,14.42,14.84,14.34,14717,41444343.0,3.5,0.98,0.14,4.95
2019-06-20,603332,14.39,15.96,15.96,14.17,30005,90603705.0,12.41,10.68,1.54,10.09
2019-06-21,603332,16.19,15.41,16.19,15.38,54956,166316929.0,5.08,-3.45,-0.55,18.48
2019-06-24,603332,15.4,15.13,15.42,15.01,22982,67568309.0,2.66,-1.82,-0.28,7.73
2019-06-25,603332,15.01,15.02,15.09,14.79,16227,47022466.0,1.98,-0.73,-0.11,5.46
2019-06-26,603332,15.02,15.05,15.11,14.83,11466,33420143.0,1.86,0.2,0.03,3.86
2019-06-27,603332,15.08,15.02,15.2,14.96,16708,48902824.0,1.59,-0.2,-0.03,5.62
2019-06-28,603332,15.02,14.46,15.12,14.44,13998,39921994.0,4.53,-3.73,-0.56,4.71
2019-07-01,603332,14.76,14.86,14.89,14.63,14236,40925965.0,1.8,2.77,0.4,4.79
2019-07-02,603332,14.93,14.92,15.1,14.8,13758,39955257.0,2.02,0.4,0.06,4.63
2019-07-03,603332,14.91,14.63,14.92,14.59,8444,24192719.0,2.21,-1.94,-0.29,2.84
2019-07-04,603332,14.65,14.71,14.83,14.64,7266,20811487.0,1.3,0.55,0.08,2.44
2019-07-05,603332,14.83,15.22,15.29,14.69,26802,78716950.0,4.08,3.47,0.51,9.01
2019-07-08,603332,15.15,14.28,15.15,14.28,17219,49150134.0,5.72,-6.18,-0.94,5.79
2019-07-09,603332,14.25,14.43,14.55,14.24,8174,22920064.0,2.17,1.05,0.15,2.75
2019-07-10,603332,14.43,14.03,14.61,13.98,10023,27879150.0,4.37,-2.77,-0.4,3.37
2019-07-11,603332,14.06,13.93,14.34,13.86,8741,23990320.0,3.42,-0.71,-0.1,2.94
2019-07-12,603332,13.93,14.17,14.2,13.82,8731,23993224.0,2.73,1.72,0.24,2.94
2019-07-15,603332,14.2,14.2,14.3,13.75,8776,24107152.0,3.88,0.21,0.03,2.95
2019-07-16,603332,14.18,14.68,15.34,14.03,17038,48693451.0,9.23,3.38,0.48,5.73
2019-07-17,603332,14.55,14.42,14.71,14.39,10899,30820241.0,2.18,-1.77,-0.26,3.67
2019-07-18,603332,14.36,14.06,14.38,14.06,9856,27278121.0,2.22,-2.5,-0.36,3.31
2019-07-19,603332,14.13,13.91,14.28,13.87,8921,24457029.0,2.92,-1.07,-0.15,3.0
2019-07-22,603332,13.95,13.12,13.98,13.12,15898,41610289.0,6.18,-5.68,-0.79,5.35
2019-07-23,603332,13.05,13.31,13.32,13.05,7134,18518307.0,2.06,1.45,0.19,2.4
2019-07-24,603332,13.32,13.49,13.62,13.32,8414,22273293.0,2.25,1.35,0.18,2.83
2019-07-25,603332,13.39,13.59,13.69,13.39,8851,23532074.0,2.22,0.74,0.1,2.98
2019-07-26,603332,13.56,13.51,13.59,13.46,5807,15373789.0,0.96,-0.59,-0.08,1.95
2019-07-29,603332,13.54,13.5,13.59,13.46,5022,13282215.0,0.96,-0.07,-0.01,1.69
2019-07-30,603332,13.49,13.51,13.64,13.47,6632,17600447.0,1.26,0.07,0.01,2.23
2019-07-31,603332,13.49,13.64,13.64,13.14,12045,31601233.0,3.7,0.96,0.13,4.05
2019-08-01,603332,13.51,13.48,13.66,13.37,7570,20025589.0,2.13,-1.17,-0.16,2.55
2019-08-02,603332,13.18,13.28,13.35,13.04,9181,23761691.0,2.3,-1.48,-0.2,3.09
2019-08-05,603332,13.29,13.22,13.54,13.17,8975,23507503.0,2.79,-0.45,-0.06,3.02
2019-08-06,603332,12.81,12.9,13.03,12.54,12580,31634874.0,3.71,-2.42,-0.32,4.23
2019-08-07,603332,13.03,12.79,13.03,12.71,7600,19264987.0,2.48,-0.85,-0.11,2.56
2019-08-08,603332,12.79,12.88,12.95,12.73,7171,18123675.0,1.72,0.7,0.09,2.41
2019-08-09,603332,12.95,12.6,12.99,12.57,8967,22505404.0,3.26,-2.17,-0.28,3.02
2019-08-12,603332,12.63,12.73,12.76,12.55,8533,21190778.0,1.67,1.03,0.13,2.87
2019-08-13,603332,12.63,12.51,12.64,12.49,7280,18003562.0,1.18,-1.73,-0.22,2.45
2019-08-14,603332,12.65,12.77,12.84,12.57,12212,30499490.0,2.16,2.08,0.26,4.11
2019-08-15,603332,12.44,12.6,12.62,12.16,8968,21959736.0,3.6,-1.33,-0.17,3.02
2019-08-16,603332,12.49,12.71,12.82,12.49,8988,22487386.0,2.62,0.87,0.11,3.02
2019-08-19,603332,12.79,13.01,13.04,12.74,13133,33307022.0,2.36,2.36,0.3,4.42
2019-08-20,603332,13.03,12.95,13.14,12.89,10434,26619195.0,1.92,-0.46,-0.06,3.51
2019-08-21,603332,12.9,12.93,12.99,12.87,7272,18468783.0,0.93,-0.15,-0.02,2.45
2019-08-22,603332,13.01,13.1,13.14,12.72,15059,38381080.0,3.25,1.31,0.17,5.06
2019-08-23,603332,13.09,12.99,13.1,12.93,9363,23906948.0,1.3,-0.84,-0.11,3.15
2019-08-26,603332,12.6,13.18,13.59,12.54,19730,50738008.0,8.08,1.46,0.19,6.64
2019-08-27,603332,13.03,13.31,13.34,13.03,18912,48829033.0,2.35,0.99,0.13,6.36
2019-08-28,603332,13.31,13.62,13.96,13.15,28450,75998046.0,6.09,2.33,0.31,9.57
2019-08-29,603332,13.54,13.27,13.81,13.27,20619,54422306.0,3.96,-2.57,-0.35,6.93
2019-08-30,603332,13.42,12.81,13.42,12.81,14289,36712669.0,4.6,-3.47,-0.46,4.81
2019-09-02,603332,12.77,13.17,13.26,12.7,13486,34537603.0,4.37,2.81,0.36,4.54
2019-09-03,603332,13.23,13.31,13.5,13.15,12517,32622786.0,2.66,1.06,0.14,4.21
2019-09-04,603332,13.19,13.42,13.42,13.17,13408,35055312.0,1.88,0.83,0.11,4.51
2019-09-05,603332,13.53,13.37,13.61,13.33,18126,47849596.0,2.09,-0.37,-0.05,6.1
2019-09-06,603332,13.45,13.62,13.64,13.33,17220,45470171.0,2.32,1.87,0.25,5.79
2019-09-09,603332,13.7,13.98,14.15,13.7,28657,77914538.0,3.3,2.64,0.36,9.64
2019-09-10,603332,13.97,13.9,13.97,13.76,15223,41216334.0,1.5,-0.57,-0.08,5.12
2019-09-11,603332,13.89,13.66,13.94,13.26,16372,44016053.0,4.89,-1.73,-0.24,5.51
2019-09-12,603332,13.66,13.91,13.92,13.6,14298,38597883.0,2.34,1.83,0.25,4.81
2019-09-16,603332,14.03,13.81,14.06,13.77,14102,38246544.0,2.08,-0.72,-0.1,4.74
2019-09-17,603332,13.73,13.57,13.95,13.53,14635,39336237.0,3.04,-1.74,-0.24,4.92
2019-09-18,603332,13.62,14.17,14.26,13.62,33190,91014784.0,4.72,4.42,0.6,11.16
2019-09-19,603332,14.36,14.19,14.65,14.18,40949,115092960.0,3.32,0.14,0.02,13.77
2019-09-20,603332,14.41,14.21,14.51,14.11,18219,50781552.0,2.82,0.14,0.02,6.13
2019-09-23,603332,14.35,13.96,14.35,13.81,11850,32406563.0,3.8,-1.76,-0.25,3.99
2019-09-24,603332,13.88,14.07,14.34,13.88,13826,38224712.0,3.3,0.79,0.11,4.65
2019-09-25,603332,14.01,14.51,14.64,13.95,29125,81743350.0,4.9,3.13,0.44,9.79
2019-09-26,603332,14.53,14.61,14.64,14.1,33264,93631895.0,3.72,0.69,0.1,11.19
2019-09-27,603332,14.5,15.09,15.34,14.39,52450,153229674.0,6.5,3.29,0.48,17.64
2019-09-30,603332,14.96,14.09,15.02,14.03,36322,103563866.0,6.56,-6.63,-1.0,12.22
2019-10-08,603332,14.11,13.78,14.31,13.56,24267,65298463.0,5.32,-2.2,-0.31,8.16
2019-10-09,603332,13.56,13.46,13.72,13.26,19923,52290728.0,3.34,-2.32,-0.32,6.7
2019-10-10,603332,13.53,13.7,13.73,13.48,16556,44078426.0,1.86,1.78,0.24,5.57
2019-10-11,603332,13.7,13.42,13.75,13.32,13821,36490245.0,3.14,-2.04,-0.28,4.65
2019-10-14,603332,13.48,13.65,13.67,13.42,16285,43278503.0,1.86,1.71,0.23,5.48
2019-10-15,603332,13.64,13.37,13.64,13.32,12029,31616594.0,2.34,-2.05,-0.28,4.05
2019-10-16,603332,13.39,13.32,13.51,13.29,8107,21221862.0,1.65,-0.37,-0.05,2.73
2019-10-17,603332,13.32,13.32,13.42,13.28,5999,15687225.0,1.05,0.0,0.0,2.02
2019-10-18,603332,13.36,13.43,13.51,13.27,9921,26063442.0,1.8,0.83,0.11,3.34
2019-10-21,603332,13.42,12.94,13.42,12.79,10961,27954933.0,4.69,-3.65,-0.49,3.69
2019-10-22,603332,12.95,13.01,13.05,12.88,5747,14639800.0,1.31,0.54,0.07,1.93
2019-10-23,603332,13.03,12.77,13.03,12.73,8360,21111904.0,2.31,-1.84,-0.24,2.81
2019-10-24,603332,12.79,12.78,12.85,12.66,5434,13638725.0,1.49,0.08,0.01,1.83
2019-10-25,603332,12.78,12.83,12.89,12.75,5562,14020178.0,1.1,0.39,0.05,1.87
2019-10-28,603332,12.72,12.98,12.99,12.72,6655,16891471.0,2.1,1.17,0.15,2.24
2019-10-29,603332,13.03,12.9,13.24,12.9,8987,23038308.0,2.62,-0.62,-0.08,3.02
2019-10-30,603332,12.91,12.74,12.92,12.68,5986,15020310.0,1.86,-1.24,-0.16,2.01
2019-10-31,603332,12.79,12.72,12.84,12.69,5048,12664441.0,1.18,-0.16,-0.02,1.7
2019-11-01,603332,12.79,12.79,12.83,12.6,4796,11999629.0,1.81,0.55,0.07,1.61
2019-11-04,603332,12.84,13.13,13.14,12.84,13336,34192603.0,2.35,2.66,0.34,4.49
2019-11-05,603332,13.11,13.15,13.24,12.96,11004,28333882.0,2.13,0.15,0.02,3.7
2019-11-06,603332,13.21,13.32,13.45,13.21,15906,41676916.0,1.83,1.29,0.17,5.35
2019-11-07,603332,13.32,13.81,13.86,13.23,23641,63268575.0,4.73,3.68,0.49,7.95
2019-11-08,603332,13.96,13.77,13.96,13.58,20396,55037157.0,2.75,-0.29,-0.04,6.86
2019-11-11,603332,13.82,13.81,14.11,13.64,17122,46555235.0,3.41,0.29,0.04,5.76
2019-11-12,603332,13.91,14.13,14.13,13.77,12212,33293474.0,2.61,2.32,0.32,4.11
2019-11-13,603332,14.02,14.2,14.42,13.87,16549,45749054.0,3.89,0.5,0.07,5.57
2019-11-14,603332,14.17,14.55,14.71,14.16,18903,53329902.0,3.87,2.46,0.35,6.36
2019-11-15,603332,14.46,14.72,15.01,14.38,25570,73164351.0,4.33,1.17,0.17,8.6
2019-11-18,603332,14.72,14.47,14.72,14.2,13688,38502242.0,3.53,-1.7,-0.25,4.6
2019-11-19,603332,14.53,14.51,14.7,14.34,14066,39621289.0,2.49,0.28,0.04,4.73
2019-11-20,603332,14.42,14.31,14.54,14.28,12699,35601420.0,1.79,-1.38,-0.2,4.27
2019-11-21,603332,14.17,14.2,14.36,14.17,10273,28546998.0,1.33,-0.77,-0.11,3.45
2019-11-22,603332,14.18,14.2,14.32,13.84,13992,38496230.0,3.38,0.0,0.0,4.71
2019-11-25,603332,14.22,14.13,14.22,13.84,14044,38452968.0,2.68,-0.49,-0.07,4.72
2019-11-26,603332,14.13,14.53,14.55,14.01,16141,45074737.0,3.82,2.83,0.4,5.43
2019-11-27,603332,14.46,14.14,14.53,14.1,15682,43659173.0,2.96,-2.68,-0.39,5.27
2019-11-28,603332,14.34,14.5,14.89,14.2,17504,49589362.0,4.88,2.55,0.36,5.89
2019-11-29,603332,14.52,14.26,14.56,14.24,12986,36325666.0,2.21,-1.66,-0.24,4.37
2019-12-02,603332,14.2,14.28,14.36,14.12,7650,21238552.0,1.68,0.14,0.02,2.57
2019-12-03,603332,14.31,14.82,14.94,14.16,29581,84730296.0,5.46,3.78,0.54,9.95
2019-12-04,603332,14.77,14.73,14.82,14.54,19092,54468412.0,1.89,-0.61,-0.09,6.42
2019-12-05,603332,14.71,14.03,14.73,13.89,40130,111508007.0,5.7,-4.75,-0.7,13.5
2019-12-06,603332,13.92,13.43,14.03,13.27,30685,81246014.0,5.42,-4.28,-0.6,10.32
2019-12-09,603332,13.32,13.21,13.36,13.01,21018,54171334.0,2.61,-1.64,-0.22,7.07
2019-12-10,603332,13.18,13.25,13.32,13.06,14981,38781999.0,1.97,0.3,0.04,5.04
2019-12-11,603332,13.19,13.36,13.42,13.19,11328,29513907.0,1.74,0.83,0.11,3.81
2019-12-12,603332,13.37,13.06,13.37,13.06,11387,29396503.0,2.32,-2.25,-0.3,3.83
2019-12-13,603332,13.16,13.17,13.2,13.0,8592,22101279.0,1.53,0.84,0.11,2.89
2019-12-16,603332,13.27,13.6,13.64,13.18,18996,50004271.0,3.49,3.26,0.43,6.39
2019-12-17,603332,13.6,13.7,13.84,13.57,18330,49258992.0,1.99,0.74,0.1,6.16
2019-12-18,603332,13.7,13.82,13.92,13.6,13318,35951201.0,2.34,0.88,0.12,4.48
2019-12-19,603332,13.82,13.78,13.87,13.7,13019,35071874.0,1.23,-0.29,-0.04,4.38
2019-12-20,603332,13.8,13.72,13.89,13.68,8530,22997405.0,1.52,-0.44,-0.06,2.87
2019-12-23,603332,13.66,14.18,14.39,13.62,30017,82392133.0,5.61,3.35,0.46,10.09
2019-12-24,603332,14.14,14.27,14.36,14.01,20867,57733734.0,2.47,0.63,0.09,7.02
2019-12-25,603332,14.33,14.14,14.33,14.04,14063,38735108.0,2.03,-0.91,-0.13,4.73
2019-12-26,603332,14.15,14.03,14.16,13.92,10830,29623571.0,1.7,-0.78,-0.11,3.64
2019-12-27,603332,14.03,14.06,14.14,13.89,13715,37486381.0,1.78,0.21,0.03,4.61
2019-12-30,603332,14.04,14.01,14.05,13.7,10061,27305099.0,2.49,-0.36,-0.05,3.38
2019-12-31,603332,13.98,13.83,14.11,13.78,11757,31927325.0,2.36,-1.28,-0.18,3.95
2020-01-02,603332,13.95,14.12,14.17,13.88,14145,38728408.0,2.1,2.1,0.29,4.76
2020-01-03,603332,14.12,14.09,14.14,13.93,11591,31812856.0,1.49,-0.21,-0.03,3.9
2020-01-06,603332,14.0,14.04,14.17,13.86,13544,37187570.0,2.2,-0.35,-0.05,4.55
2020-01-07,603332,14.07,14.33,14.49,14.07,27100,75874960.0,2.99,2.07,0.29,9.11
2020-01-08,603332,14.38,14.31,14.68,14.25,23165,65157099.0,3.0,-0.14,-0.02,7.79
2020-01-09,603332,14.35,14.29,14.51,14.09,28136,78728820.0,2.94,-0.14,-0.02,9.46
2020-01-10,603332,14.28,14.39,14.44,14.07,23292,64896216.0,2.59,0.7,0.1,7.83
2020-01-13,603332,14.4,14.92,15.02,14.27,36623,105315969.0,5.21,3.68,0.53,12.32
2020-01-14,603332,14.91,14.86,15.32,14.7,29265,85062141.0,4.16,-0.4,-0.06,9.84
2020-01-15,603332,14.84,15.05,15.1,14.72,19605,56974794.0,2.56,1.28,0.19,6.59
2020-01-16,603332,15.16,14.63,15.17,14.56,17890,51471945.0,4.05,-2.79,-0.42,6.02
2020-01-17,603332,14.65,14.92,15.07,14.64,15241,44166774.0,2.94,1.98,0.29,5.13
2020-01-20,603332,14.96,14.79,14.96,14.64,11226,32233308.0,2.14,-0.87,-0.13,3.78
2020-01-21,603332,14.88,14.43,14.88,14.43,15609,44450426.0,3.04,-2.43,-0.36,5.25
2020-01-22,603332,14.28,14.32,14.48,14.13,12690,35302935.0,2.43,-0.76,-0.11,4.27
2020-01-23,603332,14.32,13.57,14.41,12.78,16600,44713176.0,11.38,-5.24,-0.75,5.58
2020-02-03,603332,12.11,12.11,12.11,12.11,7860,18785400.0,0.0,-10.76,-1.46,2.64
2020-02-04,603332,10.84,11.67,11.78,10.84,18168,41583620.0,7.76,-3.63,-0.44,6.11
2020-02-05,603332,11.59,11.95,12.2,11.59,12787,30303136.0,5.23,2.4,0.28,4.3
2020-02-06,603332,11.88,12.18,12.22,11.88,15039,36057302.0,2.85,1.92,0.23,5.06
2020-02-07,603332,12.14,12.47,12.49,12.13,15225,37007186.0,2.96,2.38,0.29,5.12
2020-02-10,603332,12.47,12.48,12.51,12.27,11606,28375900.0,1.92,0.08,0.01,3.9
2020-02-11,603332,12.51,12.42,12.68,12.36,8882,21826599.0,2.56,-0.48,-0.06,2.99
2020-02-12,603332,12.44,12.45,12.48,12.34,12072,29524049.0,1.13,0.24,0.03,4.06
2020-02-13,603332,12.53,12.14,12.53,12.1,15592,37617890.0,3.45,-2.49,-0.31,5.24
2020-02-14,603332,12.18,12.18,12.26,12.05,7399,17762307.0,1.73,0.33,0.04,2.49
2020-02-17,603332,12.23,12.57,12.59,12.18,10789,26421910.0,3.37,3.2,0.39,3.63
2020-02-18,603332,12.62,12.76,12.87,12.55,12918,32276055.0,2.55,1.51,0.19,4.34
2020-02-19,603332,12.76,12.67,13.09,12.66,12749,32102964.0,3.37,-0.71,-0.09,4.29
2020-02-20,603332,12.77,12.86,12.87,12.59,12796,32102871.0,2.21,1.5,0.19,4.3
2020-02-21,603332,12.96,12.83,12.96,12.81,13679,34565228.0,1.17,-0.23,-0.03,4.6
2020-02-24,603332,13.17,13.77,14.18,13.17,36500,97943371.0,7.87,7.33,0.94,12.28
2020-02-25,603332,13.29,14.2,14.25,13.27,44534,121205343.0,7.12,3.12,0.43,14.98
2020-02-26,603332,13.95,14.45,14.84,13.71,42818,119754278.0,7.96,1.76,0.25,14.4
2020-02-27,603332,14.34,14.18,14.56,13.96,21868,60945640.0,4.15,-1.87,-0.27,7.35
2020-02-28,603332,13.78,13.38,14.17,13.38,23321,62512470.0,5.57,-5.64,-0.8,7.84
2020-03-02,603332,13.57,13.77,13.98,13.57,16688,45007828.0,3.06,2.91,0.39,5.61
2020-03-03,603332,13.92,13.66,14.07,13.47,32489,87590387.0,4.36,-0.8,-0.11,10.93
2020-03-04,603332,13.6,13.43,13.67,13.32,20351,53723591.0,2.56,-1.68,-0.23,6.84
2020-03-05,603332,13.59,13.7,13.9,13.44,18568,49618628.0,3.43,2.01,0.27,6.24
2020-03-06,603332,13.43,13.59,13.92,13.43,18713,50183087.0,3.58,-0.8,-0.11,6.29
2020-03-09,603332,13.43,13.0,13.5,12.98,20229,52481562.0,3.83,-4.34,-0.59,6.8
2020-03-10,603332,12.67,13.2,13.25,12.42,19007,47962832.0,6.38,1.54,0.2,6.39
2020-03-11,603332,13.25,13.16,13.48,13.11,13242,34574379.0,2.8,-0.3,-0.04,4.45
2020-03-12,603332,12.97,12.75,13.22,12.67,10255,25873973.0,4.18,-3.12,-0.41,3.45
2020-03-13,603332,12.1,12.34,12.47,11.99,16238,39036398.0,3.76,-3.22,-0.41,5.46
2020-03-16,603332,12.46,11.99,12.65,11.99,10419,25312101.0,5.35,-2.84,-0.35,3.5
2020-03-17,603332,12.04,11.92,12.2,11.51,9110,21363265.0,5.75,-0.58,-0.07,3.06
2020-03-18,603332,12.1,11.81,12.32,11.81,8389,20055146.0,4.28,-0.92,-0.11,2.82
2020-03-19,603332,11.91,12.0,12.07,11.66,8711,20448100.0,3.47,1.61,0.19,2.93
2020-03-20,603332,12.18,12.21,12.26,11.99,6933,16617659.0,2.25,1.75,0.21,2.33
2020-03-23,603332,11.86,11.84,12.11,11.82,7426,17570629.0,2.38,-3.03,-0.37,2.5
2020-03-24,603332,12.14,12.16,12.16,11.79,7709,18292989.0,3.13,2.7,0.32,2.59
2020-03-25,603332,12.28,12.32,12.48,12.26,8584,20879755.0,1.81,1.32,0.16,2.89
2020-03-26,603332,12.27,12.26,12.45,12.22,6586,16008478.0,1.87,-0.49,-0.06,2.21
2020-03-27,603332,12.41,12.15,12.41,12.15,6642,16061593.0,2.12,-0.9,-0.11,2.23
2020-03-30,603332,12.0,11.8,12.0,11.7,5661,13208128.0,2.47,-2.88,-0.35,1.9
2020-03-31,603332,11.82,11.8,11.97,11.79,4634,10850519.0,1.53,0.0,0.0,1.56
2020-04-01,603332,11.84,11.75,11.98,11.73,4787,11214344.0,2.12,-0.42,-0.05,1.61
2020-04-02,603332,11.74,11.87,11.88,11.66,5265,12267001.0,1.87,1.02,0.12,1.77
2020-04-03,603332,11.87,11.74,11.89,11.72,5002,11663356.0,1.43,-1.1,-0.13,1.68
2020-04-07,603332,11.96,12.08,12.08,11.86,7835,18548992.0,1.87,2.9,0.34,2.63
2020-04-08,603332,12.12,12.2,12.25,11.94,8573,20505019.0,2.57,0.99,0.12,2.88
2020-04-09,603332,12.27,13.53,13.53,12.14,44363,115863401.0,11.39,10.9,1.33,14.92
2020-04-10,603332,13.55,14.53,14.96,13.04,91809,252879530.0,14.19,7.39,1.0,30.88
2020-04-13,603332,13.81,14.56,14.95,13.59,67379,188065920.0,9.36,0.21,0.03,22.66
2020-04-14,603332,14.05,13.67,14.31,13.6,44143,119361066.0,4.88,-6.11,-0.89,14.85
2020-04-15,603332,13.54,13.8,14.14,13.36,34352,92571617.0,5.71,0.95,0.13,11.55
2020-04-16,603332,13.45,13.2,13.69,13.18,26575,69702984.0,3.7,-4.35,-0.6,8.94
2020-04-17,603332,13.21,13.22,13.47,13.18,19857,51833275.0,2.2,0.15,0.02,6.68
2020-04-20,603332,13.21,12.95,13.21,12.89,21062,53657598.0,2.42,-2.04,-0.27,7.08
2020-04-21,603332,12.99,13.31,13.92,12.89,23460,61454429.0,7.95,2.78,0.36,7.89
2020-04-22,603332,13.22,13.33,13.51,13.1,12881,33650153.0,3.08,0.15,0.02,4.33
2020-04-23,603332,13.34,13.03,13.37,12.9,12786,32941311.0,3.53,-2.25,-0.3,4.3
2020-04-24,603332,13.02,12.92,13.14,12.92,10363,26449952.0,1.69,-0.84,-0.11,3.49
2020-04-27,603332,12.91,13.48,13.81,12.91,24053,63466211.0,6.97,4.33,0.56,8.09
2020-04-28,603332,12.96,12.03,13.25,12.03,38864,94541684.0,9.05,-10.76,-1.45,13.07
2020-04-29,603332,11.45,11.12,11.68,10.9,33227,74709697.0,6.48,-7.56,-0.91,11.17
2020-04-30,603332,11.18,11.25,11.55,11.0,15992,35769376.0,4.95,1.17,0.13,5.38
2020-05-06,603332,11.06,11.33,11.39,11.06,11248,25096785.0,2.93,0.71,0.08,3.78
2020-05-07,603332,11.31,11.24,11.39,11.18,11429,25534465.0,1.85,-0.79,-0.09,3.84
2020-05-08,603332,11.23,11.34,11.38,11.2,11725,26333706.0,1.6,0.89,0.1,3.94
2020-05-11,603332,11.36,11.43,11.59,11.36,11520,26123159.0,2.03,0.79,0.09,3.87
2020-05-12,603332,11.44,11.36,11.45,11.22,9375,21038239.0,2.01,-0.61,-0.07,3.15
2020-05-13,603332,11.34,11.4,11.5,11.27,8772,19846394.0,2.02,0.35,0.04,2.95
2020-05-14,603332,11.4,11.7,12.05,11.4,22201,51571214.0,5.7,2.63,0.3,7.47
2020-05-15,603332,11.79,11.57,11.83,11.51,9369,21551220.0,2.74,-1.11,-0.13,3.15
2020-05-18,603332,11.61,11.49,11.69,11.44,7588,17355042.0,2.16,-0.69,-0.08,2.55
2020-05-19,603332,11.76,11.72,11.83,11.53,9970,23088768.0,2.61,2.0,0.23,3.35
2020-05-20,603332,11.89,11.62,11.89,11.57,8149,18821716.0,2.73,-0.85,-0.1,2.74
2020-05-21,603332,11.62,11.55,11.72,11.5,6658,15290715.0,1.89,-0.6,-0.07,2.24
2020-05-22,603332,11.45,11.56,11.7,11.45,9271,21211435.0,2.16,0.09,0.01,3.12
2020-05-25,603332,11.49,11.51,11.54,11.22,8039,18206707.0,2.77,-0.43,-0.05,2.7
2020-05-26,603332,11.53,11.73,11.89,11.51,11709,27180521.0,3.3,1.91,0.22,3.94
2020-05-27,603332,11.72,11.77,11.83,11.65,8729,20306029.0,1.53,0.34,0.04,2.94
2020-05-28,603332,11.77,11.62,11.83,11.43,8459,19460694.0,3.4,-1.27,-0.15,2.84
2020-05-29,603332,11.61,11.62,11.67,11.56,3884,8925729.0,0.95,0.0,0.0,1.31
2020-06-01,603332,11.62,11.83,11.99,11.62,14059,32804500.0,3.18,1.81,0.21,4.73
2020-06-02,603332,11.85,11.82,11.86,11.78,8793,20551810.0,0.68,-0.08,-0.01,2.96
2020-06-03,603332,11.86,11.79,11.98,11.78,9387,22001276.0,1.69,-0.25,-0.03,3.16
2020-06-04,603332,11.85,11.8,11.88,11.68,7984,18612831.0,1.7,0.08,0.01,2.69
2020-06-05,603332,11.7,11.81,11.83,11.7,6266,14580792.0,1.1,0.08,0.01,2.11
2020-06-08,603332,11.9,11.85,11.97,11.83,6357,14945701.0,1.19,0.34,0.04,2.14
2020-06-09,603332,11.94,11.86,11.94,11.84,6672,15666299.0,0.84,0.08,0.01,2.24
2020-06-10,603332,11.88,11.72,11.89,11.62,6825,15848100.0,2.28,-1.18,-0.14,2.3
2020-06-11,603332,11.72,11.6,11.77,11.56,8977,20720584.0,1.79,-1.02,-0.12,3.02
2020-06-12,603332,11.45,11.56,11.63,11.33,5973,13291489.0,2.59,-0.34,-0.04,2.01
2020-06-15,603332,11.58,11.74,11.75,11.47,8579,19233207.0,2.42,1.56,0.18,2.88
2020-06-16,603332,11.72,11.75,12.06,11.7,10453,23723784.0,3.07,0.09,0.01,3.52
2020-06-17,603332,11.75,11.82,11.85,11.72,8541,19417576.0,1.11,0.6,0.07,2.87
2020-06-18,603332,11.78,11.72,11.83,11.7,6171,13963281.0,1.1,-0.85,-0.1,2.08
2020-06-19,603332,11.77,11.67,11.77,11.66,5690,12822457.0,0.94,-0.43,-0.05,1.91
2020-06-22,603332,11.7,11.61,11.7,11.61,6980,15665426.0,0.77,-0.51,-0.06,2.35
2020-06-23,603332,11.59,11.56,11.62,11.56,4157,9296234.0,0.52,-0.43,-0.05,1.4
2020-06-24,603332,11.86,11.64,11.86,11.56,5907,13267935.0,2.6,0.69,0.08,1.99
2020-06-29,603332,11.57,11.57,11.66,11.56,5340,11935810.0,0.86,-0.6,-0.07,1.8
2020-06-30,603332,11.57,11.64,11.68,11.57,4883,10953832.0,0.95,0.61,0.07,1.64
2020-07-01,603332,11.65,11.75,11.78,11.65,7605,17181212.0,1.12,0.95,0.11,2.56
2020-07-02,603332,11.78,11.88,11.9,11.7,11217,25550422.0,1.7,1.11,0.13,3.77
2020-07-03,603332,11.94,11.9,11.99,11.85,10649,24412540.0,1.18,0.17,0.02,3.58
2020-07-06,603332,11.92,12.28,12.31,11.92,16971,39678989.0,3.28,3.19,0.38,5.71
2020-07-07,603332,12.33,12.32,12.42,12.1,19088,45009178.0,2.61,0.33,0.04,6.42
2020-07-08,603332,12.27,12.39,12.42,12.22,14400,34148193.0,1.62,0.57,0.07,4.84
2020-07-09,603332,12.41,12.77,12.84,12.41,19889,48310817.0,3.47,3.07,0.38,6.69
2020-07-10,603332,12.68,12.69,12.84,12.6,15547,37980963.0,1.88,-0.63,-0.08,5.23
2020-07-13,603332,12.69,13.04,13.22,12.68,22922,56929512.0,4.26,2.76,0.35,7.71
2020-07-14,603332,13.05,12.88,13.09,12.66,15873,39139777.0,3.3,-1.23,-0.16,5.34
2020-07-15,603332,12.87,12.49,13.01,12.46,14730,35805856.0,4.27,-3.03,-0.39,4.95
2020-07-16,603332,12.54,12.18,12.64,12.17,11893,28337459.0,3.76,-2.48,-0.31,4.0
2020-07-17,603332,12.25,12.19,12.31,12.0,7150,16705451.0,2.55,0.08,0.01,2.4
2020-07-20,603332,12.23,12.52,12.54,12.23,9233,22057543.0,2.54,2.71,0.33,3.11
2020-07-21,603332,12.53,12.6,12.7,12.5,6683,16161041.0,1.6,0.64,0.08,2.25
2020-07-22,603332,12.6,12.56,12.76,12.48,9661,23440663.0,2.22,-0.32,-0.04,3.25
2020-07-23,603332,12.61,12.58,12.61,12.29,9744,23291826.0,2.55,0.16,0.02,3.28
2020-07-24,603332,12.57,12.21,12.83,12.16,16723,39999192.0,5.33,-2.94,-0.37,5.62
2020-07-27,603332,12.27,12.31,12.32,12.08,5703,13387066.0,1.97,0.82,0.1,1.92
2020-07-28,603332,12.78,12.4,12.78,12.27,6143,14692733.0,4.14,0.73,0.09,2.07
2020-07-29,603332,12.46,12.62,12.72,12.33,8316,20012532.0,3.15,1.77,0.22,2.8
2020-07-30,603332,12.7,12.52,12.75,12.49,8805,21301175.0,2.06,-0.79,-0.1,2.96
2020-07-31,603332,12.54,12.64,12.76,12.51,6276,15208074.0,2.0,0.96,0.12,2.11
2020-08-03,603332,12.76,12.77,12.82,12.65,12170,29795605.0,1.34,1.03,0.13,4.09
2020-08-04,603332,12.77,12.83,12.94,12.57,12910,31597564.0,2.9,0.47,0.06,4.34
2020-08-05,603332,12.84,13.02,13.14,12.71,17579,43665242.0,3.35,1.48,0.19,5.91
2020-08-06,603332,12.98,13.27,13.31,12.85,17726,44453839.0,3.53,1.92,0.25,5.96
2020-08-07,603332,13.29,12.98,13.29,12.87,16284,40785794.0,3.17,-2.19,-0.29,5.48
2020-08-10,603332,13.03,13.46,13.5,12.82,20104,51220010.0,5.24,3.7,0.48,6.76
2020-08-11,603332,13.49,13.22,13.49,13.17,12904,32921943.0,2.38,-1.78,-0.24,4.34
2020-08-12,603332,13.26,13.27,13.31,13.02,9372,23623765.0,2.19,0.38,0.05,3.15
2020-08-13,603332,13.36,13.2,13.46,13.1,11758,29823391.0,2.71,-0.53,-0.07,3.95
2020-08-14,603332,13.29,13.42,13.46,13.06,17008,43376166.0,3.03,1.67,0.22,5.72
2020-08-17,603332,13.45,14.03,14.11,13.45,32701,86517082.0,4.92,4.55,0.61,11.0
2020-08-18,603332,14.69,13.7,14.69,13.16,64030,169530940.0,10.91,-2.35,-0.33,21.53
2020-08-19,603332,13.12,13.03,13.32,12.99,18662,46918808.0,2.41,-4.89,-0.67,6.28
2020-08-20,603332,13.0,12.88,13.0,12.77,9790,24163303.0,1.77,-1.15,-0.15,3.29
2020-08-21,603332,12.84,12.99,13.08,12.84,7391,18423862.0,1.86,0.85,0.11,2.49
2020-08-24,603332,13.1,12.98,13.16,12.93,6619,16514718.0,1.77,-0.08,-0.01,2.23
2020-08-25,603332,12.78,12.6,12.85,12.53,14139,34252095.0,2.47,-2.93,-0.38,4.76
2020-08-26,603332,12.6,12.52,12.7,12.5,7677,18597266.0,1.59,-0.63,-0.08,2.58
2020-08-27,603332,12.52,12.64,12.71,12.37,8314,19974961.0,2.72,0.96,0.12,2.8
2020-08-28,603332,12.65,12.82,12.85,12.6,6662,16306341.0,1.98,1.42,0.18,2.24
2020-08-31,603332,12.83,12.8,12.93,12.73,4484,11026170.0,1.56,-0.16,-0.02,1.51
2020-09-01,603332,12.8,14.15,14.15,12.8,90716,239713058.0,10.55,10.55,1.35,30.51
2020-09-02,603332,14.14,14.19,14.29,13.61,64655,172144195.0,4.81,0.28,0.04,21.74
2020-09-03,603332,14.17,14.25,14.88,14.03,63912,177432829.0,5.99,0.42,0.06,21.49
2020-09-04,603332,14.19,14.5,14.53,14.07,20320,55721427.0,3.23,1.75,0.25,6.83
2020-09-07,603332,14.42,14.58,14.69,14.22,18022,49535229.0,3.24,0.55,0.08,6.06
2020-09-08,603332,14.5,14.65,14.75,14.28,16320,45165525.0,3.22,0.48,0.07,5.49
2020-09-09,603332,14.58,14.4,14.59,14.03,18567,50808709.0,3.82,-1.71,-0.25,6.24
2020-09-10,603332,14.46,13.92,14.5,13.79,16687,44970006.0,4.93,-3.33,-0.48,5.61
2020-09-11,603332,13.94,13.92,14.0,13.59,11682,30917678.0,2.95,0.0,0.0,3.93
2020-09-14,603332,13.98,13.76,14.02,13.62,10907,28776599.0,2.87,-1.15,-0.16,3.67
2020-09-15,603332,13.76,13.92,14.05,13.59,6883,18159234.0,3.34,1.16,0.16,2.31
2020-09-16,603332,13.88,14.01,14.07,13.84,5536,14758180.0,1.65,0.65,0.09,1.86
2020-09-17,603332,14.05,15.25,15.39,13.92,31240,88780138.0,10.49,8.85,1.24,10.51
2020-09-18,603332,15.14,16.2,16.49,15.07,37724,113477821.0,9.31,6.23,0.95,12.69
2020-09-21,603332,16.09,16.1,16.45,15.92,17550,53822251.0,3.27,-0.62,-0.1,5.9
2020-09-22,603332,16.28,16.71,16.76,15.92,26118,81330699.0,5.22,3.79,0.61,8.78
2020-09-23,603332,16.75,16.85,16.96,16.43,16890,53644989.0,3.17,0.84,0.14,5.68
2020-09-24,603332,16.78,16.32,16.97,15.73,36574,114536401.0,7.36,-3.15,-0.53,12.3
2020-09-25,603332,16.75,15.47,16.75,15.44,17279,51436845.0,8.03,-5.21,-0.85,5.81
2020-09-28,603332,15.48,15.14,15.67,15.12,11248,32584406.0,3.56,-2.13,-0.33,3.78
2020-09-29,603332,15.14,15.02,15.22,14.91,15525,44470654.0,2.05,-0.79,-0.12,5.22
2020-09-30,603332,15.16,15.05,15.22,14.89,8340,23857536.0,2.2,0.2,0.03,2.8
2020-10-09,603332,15.15,15.38,15.48,15.05,12327,35903277.0,2.86,2.19,0.33,4.15
2020-10-12,603332,15.53,14.97,15.53,14.78,21019,59942185.0,4.88,-2.67,-0.41,7.07
2020-10-13,603332,14.95,15.4,15.89,14.94,24055,69983065.0,6.35,2.87,0.43,8.09
2020-10-14,603332,15.38,15.32,15.68,15.27,15077,44228440.0,2.66,-0.52,-0.08,5.07
2020-10-15,603332,15.34,16.15,16.34,15.23,27962,84652715.0,7.25,5.42,0.83,9.4
2020-10-16,603332,16.22,15.78,16.23,15.71,20301,61173872.0,3.22,-2.29,-0.37,6.83
2020-10-19,603332,15.81,15.85,15.94,15.65,11463,34382934.0,1.84,0.44,0.07,3.85
2020-10-20,603332,15.84,16.5,16.64,15.78,17142,53255035.0,5.43,4.1,0.65,5.76
2020-10-21,603332,16.5,16.5,16.59,16.15,10660,33105875.0,2.67,0.0,0.0,3.59
2020-10-22,603332,16.34,16.5,16.51,16.14,10872,33801602.0,2.24,0.0,0.0,3.66
2020-10-23,603332,16.51,15.87,16.65,15.81,16561,51068612.0,5.09,-3.82,-0.63,5.57
2020-10-26,603332,15.79,16.11,16.16,15.68,11078,33511228.0,3.02,1.51,0.24,3.73
2020-10-27,603332,16.0,16.15,16.25,15.82,7860,24034510.0,2.67,0.25,0.04,2.64
2020-10-28,603332,16.12,15.64,16.23,15.38,15147,44919597.0,5.26,-3.16,-0.51,5.09
2020-10-29,603332,15.34,15.84,16.31,15.33,15015,45334139.0,6.27,1.28,0.2,5.05
2020-10-30,603332,15.79,15.75,15.95,15.52,8202,24563624.0,2.71,-0.57,-0.09,2.76
2020-11-02,603332,15.76,15.87,16.12,15.65,6991,21069642.0,2.98,0.76,0.12,2.35
2020-11-03,603332,16.71,15.79,16.71,15.68,11520,34743439.0,6.49,-0.5,-0.08,3.87
2020-11-04,603332,16.28,16.13,16.28,15.61,13280,40261558.0,4.24,2.15,0.34,4.47
2020-11-05,603332,16.14,16.58,16.72,16.12,16927,53112887.0,3.72,2.79,0.45,5.69
2020-11-06,603332,16.71,17.14,17.22,16.04,27207,85976879.0,7.12,3.38,0.56,9.15
2020-11-09,603332,17.36,17.82,17.89,17.09,23436,78304365.0,4.67,3.97,0.68,7.88
2020-11-10,603332,17.82,18.04,18.32,17.78,23331,79848946.0,3.03,1.23,0.22,7.85
2020-11-11,603332,18.04,18.84,18.84,17.99,24801,87112600.0,4.71,4.43,0.8,8.34
2020-11-12,603332,18.84,19.27,19.27,18.77,24250,87329764.0,2.65,2.28,0.43,8.16
2020-11-13,603332,19.3,19.29,19.54,19.18,25681,93716433.0,1.87,0.1,0.02,8.64
2020-11-16,603332,19.36,19.66,19.79,19.36,21306,78668625.0,2.23,1.92,0.37,7.17
2020-11-17,603332,19.64,19.39,19.96,18.76,21412,79110865.0,6.1,-1.37,-0.27,7.2
2020-11-18,603332,19.46,19.37,19.81,19.22,12209,44698156.0,3.04,-0.1,-0.02,4.11
2020-11-19,603332,19.4,19.33,19.6,19.23,9980,36548280.0,1.91,-0.21,-0.04,3.36
2020-11-20,603332,19.36,19.26,19.64,19.26,11281,41331053.0,1.97,-0.36,-0.07,3.79
2020-11-23,603332,19.35,19.24,19.47,19.1,7368,26753184.0,1.92,-0.1,-0.02,2.48
2020-11-24,603332,19.24,19.52,19.56,19.12,12034,43857603.0,2.29,1.46,0.28,4.05
2020-11-25,603332,19.8,19.21,19.91,19.18,12201,44891920.0,3.74,-1.59,-0.31,4.1
2020-11-26,603332,19.53,19.29,19.53,19.16,9743,35619627.0,1.93,0.42,0.08,3.28
2020-11-27,603332,19.29,19.09,19.42,19.03,7669,27738797.0,2.02,-1.04,-0.2,2.58
2020-11-30,603332,19.09,19.64,19.81,18.98,14966,54779091.0,4.35,2.88,0.55,5.03
2020-12-01,603332,19.8,19.94,20.01,19.5,15738,58681758.0,2.6,1.53,0.3,5.29
2020-12-02,603332,19.97,19.95,20.1,19.86,15602,58774901.0,1.2,0.05,0.01,5.25
2020-12-03,603332,19.96,19.72,19.99,19.65,8329,31096138.0,1.7,-1.15,-0.23,2.8
2020-12-04,603332,19.75,19.67,19.83,19.51,6780,25122987.0,1.62,-0.25,-0.05,2.28
2020-12-07,603332,19.67,19.66,19.86,19.55,4256,15785691.0,1.58,-0.05,-0.01,1.43
2020-12-08,603332,19.66,19.37,19.72,19.34,10578,38845068.0,1.93,-1.48,-0.29,3.56
2020-12-09,603332,19.42,19.38,19.53,19.2,5164,18897997.0,1.7,0.05,0.01,1.74
2020-12-10,603332,19.38,19.32,19.43,19.25,2762,10058429.0,0.93,-0.31,-0.06,0.93
2020-12-11,603332,19.32,19.18,19.38,19.11,10387,37627188.0,1.4,-0.72,-0.14,3.49
2020-12-14,603332,19.2,19.31,19.52,18.83,7186,26026831.0,3.6,0.68,0.13,2.42
2020-12-15,603332,19.31,19.15,19.45,19.09,5508,19979964.0,1.86,-0.83,-0.16,1.85
2020-12-16,603332,19.15,18.87,19.2,18.81,4748,17001904.0,2.04,-1.46,-0.28,1.6
2020-12-17,603332,18.87,16.91,18.89,16.91,6775,23214586.0,10.49,-10.39,-1.96,2.28
2020-12-18,603332,15.15,15.15,15.15,15.15,1067,3077228.0,0.0,-10.41,-1.76,0.36
2020-12-21,603332,13.57,13.57,13.57,13.57,971,2520716.0,0.0,-10.43,-1.58,0.33
2020-12-22,603332,12.14,12.14,12.14,12.14,2150,5022400.0,0.0,-10.54,-1.43,0.72
2020-12-23,603332,10.86,10.86,10.86,10.86,5322,11186844.0,0.0,-10.54,-1.28,1.79
2020-12-24,603332,9.86,9.94,10.27,9.7,215590,413745216.0,5.25,-8.47,-0.92,72.5
2020-12-25,603332,9.2,8.98,9.36,8.96,131379,235278571.0,4.02,-9.66,-0.96,44.18
2020-12-28,603332,9.08,9.05,9.3,8.99,84747,151693096.0,3.45,0.78,0.07,28.5
2020-12-29,603332,8.97,8.68,9.09,8.61,69681,120600425.0,5.3,-4.09,-0.37,23.43
2020-12-30,603332,8.65,8.87,9.01,8.59,57845,99974884.0,4.84,2.19,0.19,19.45
2020-12-31,603332,8.81,8.96,9.14,8.81,42573,74872660.0,3.72,1.01,0.09,14.32
2021-01-04,603332,8.92,8.86,9.03,8.75,35444,61718437.0,3.13,-1.12,-0.1,11.92
2021-01-05,603332,8.92,8.64,8.98,8.61,41546,71268114.0,4.18,-2.48,-0.22,13.97
2021-01-06,603332,8.59,8.27,8.65,8.2,42782,70390266.0,5.21,-4.28,-0.37,14.39
2021-01-07,603332,8.25,7.96,8.25,7.81,43285,68116987.0,5.32,-3.75,-0.31,14.56
2021-01-08,603332,7.9,7.82,8.03,7.56,36381,56431719.0,5.9,-1.76,-0.14,12.24
2021-01-11,603332,7.82,7.62,7.98,7.59,32555,49811036.0,4.99,-2.56,-0.2,10.95
2021-01-12,603332,7.55,7.61,7.87,7.53,36189,54910413.0,4.46,-0.13,-0.01,12.17
2021-01-13,603332,7.6,7.21,7.6,7.17,35365,51726102.0,5.65,-5.26,-0.4,11.89
2021-01-14,603332,7.14,7.4,7.41,7.0,39097,56616716.0,5.69,2.64,0.19,13.15
2021-01-15,603332,7.41,8.21,8.21,7.36,41563,64811511.0,11.49,10.95,0.81,13.98
2021-01-18,603332,8.41,8.61,9.0,8.36,78876,133844326.0,7.8,4.87,0.4,26.53
2021-01-19,603332,8.55,8.62,8.79,8.43,37927,64357288.0,4.18,0.12,0.01,12.76
2021-01-20,603332,8.62,8.51,8.73,8.49,24774,41937777.0,2.78,-1.28,-0.11,8.33
2021-01-21,603332,8.55,8.92,9.0,8.55,41762,72614200.0,5.29,4.82,0.41,14.04
2021-01-22,603332,8.93,8.89,9.39,8.82,40459,72101330.0,6.39,-0.34,-0.03,13.61
2021-01-25,603332,8.57,8.51,9.09,8.48,27556,46821033.0,6.86,-4.27,-0.38,9.27
2021-01-26,603332,8.43,8.55,8.79,8.32,18340,30980228.0,5.52,0.47,0.04,6.17
2021-01-27,603332,8.55,8.28,8.64,8.24,18533,30816759.0,4.68,-3.16,-0.27,6.23
2021-01-28,603332,8.27,8.22,8.45,8.07,29166,47505619.0,4.59,-0.72,-0.06,9.81
2021-01-29,603332,8.29,7.77,8.43,7.71,30912,48401603.0,8.76,-5.47,-0.45,10.4
2021-02-01,603332,7.82,7.85,8.09,7.7,23152,36010672.0,5.02,1.03,0.08,7.79
2021-02-02,603332,7.9,7.82,7.95,7.78,14613,22777794.0,2.17,-0.38,-0.03,4.91
2021-02-03,603332,7.82,7.74,7.88,7.58,16814,25709203.0,3.84,-1.02,-0.08,5.65
2021-02-04,603332,7.75,7.55,7.75,7.44,17563,26433830.0,4.01,-2.45,-0.19,5.91
2021-02-05,603332,7.49,7.5,7.94,7.48,18638,28439374.0,6.09,-0.66,-0.05,6.27
2021-02-08,603332,7.49,7.16,7.56,7.12,25954,37897207.0,5.87,-4.53,-0.34,8.73
2021-02-09,603332,7.21,7.95,7.95,7.21,51594,79986287.0,10.34,11.03,0.79,17.35
2021-02-10,603332,7.98,7.55,8.08,7.46,55919,85358514.0,7.8,-5.03,-0.4,18.81
2021-02-18,603332,7.66,7.91,8.36,7.66,49057,77530735.0,9.27,4.77,0.36,16.5
2021-02-19,603332,7.99,8.77,8.77,7.83,71040,119093501.0,11.88,10.87,0.86,23.89
2021-02-22,603332,9.06,8.99,9.47,8.7,100682,179257628.0,8.78,2.51,0.22,33.86
2021-02-23,603332,8.98,8.67,8.99,8.61,52486,90336593.0,4.23,-3.56,-0.32,17.65
2021-02-24,603332,8.68,8.81,8.95,8.6,38724,67014771.0,4.04,1.61,0.14,13.02
2021-02-25,603332,8.87,8.59,8.92,8.52,33053,56048071.0,4.54,-2.5,-0.22,11.12
2021-02-26,603332,8.6,9.52,9.52,8.37,62790,111437603.0,13.39,10.83,0.93,21.12
2021-03-01,603332,10.29,10.54,10.54,9.79,59517,119303012.0,7.88,10.71,1.02,20.02
2021-03-02,603332,10.01,10.76,11.64,10.0,151495,322192128.0,15.56,2.09,0.22,50.95
2021-03-03,603332,10.01,11.17,11.61,10.01,113621,233931341.0,14.87,3.81,0.41,38.21
2021-03-04,603332,10.75,10.89,11.5,10.57,89406,189662749.0,8.33,-2.51,-0.28,30.07
2021-03-05,603332,10.46,10.75,11.2,10.13,75766,157310726.0,9.83,-1.29,-0.14,25.48
2021-03-08,603332,10.68,11.89,11.89,10.46,129366,286177776.0,13.3,10.6,1.14,43.51
2021-03-09,603332,11.83,11.44,12.75,10.75,142189,324867472.0,16.82,-3.78,-0.45,47.82
2021-03-10,603332,11.14,10.22,11.21,10.22,68847,139585149.0,8.65,-10.66,-1.22,23.15
2021-03-11,603332,9.14,10.06,10.57,9.14,87250,165314731.0,13.99,-1.57,-0.16,29.34
2021-03-12,603332,10.02,9.55,10.02,9.48,62498,118182382.0,5.37,-5.07,-0.51,21.02
2021-03-15,603332,9.56,9.83,10.22,9.56,59941,115986394.0,6.91,2.93,0.28,20.16
2021-03-16,603332,9.71,10.53,10.76,9.65,87172,174263818.0,11.29,7.12,0.7,29.32
2021-03-17,603332,10.51,10.35,10.67,10.14,60423,121497994.0,5.03,-1.71,-0.18,20.32
2021-03-18,603332,10.46,9.95,10.46,9.79,50910,98816395.0,6.47,-3.86,-0.4,17.12
2021-03-19,603332,9.91,9.66,10.04,9.64,53963,102872314.0,4.02,-2.91,-0.29,18.15
2021-03-22,603332,9.56,9.61,9.76,9.43,40811,76180480.0,3.42,-0.52,-0.05,13.72
2021-03-23,603332,9.64,9.23,9.66,9.1,40540,73807167.0,5.83,-3.95,-0.38,13.63
2021-03-24,603332,9.16,8.85,9.19,8.79,39927,70102328.0,4.33,-4.12,-0.38,13.43
2021-03-25,603332,8.73,8.85,9.05,8.71,29562,51615280.0,3.84,0.0,0.0,9.94
2021-03-26,603332,8.88,8.92,8.96,8.77,23712,41381676.0,2.15,0.79,0.07,7.97
2021-03-29,603332,8.92,8.86,8.96,8.7,23101,40319700.0,2.91,-0.67,-0.06,7.77
2021-03-30,603332,8.9,8.71,8.91,8.65,22388,38390262.0,2.93,-1.69,-0.15,7.53
2021-03-31,603332,8.67,9.06,9.25,8.65,51716,91687572.0,6.89,4.02,0.35,17.39
2021-04-01,603332,8.96,9.54,9.65,8.92,62929,115889252.0,8.06,5.3,0.48,21.16
2021-04-02,603332,9.47,9.25,9.51,9.14,48262,87456173.0,3.88,-3.04,-0.29,16.23
2021-04-06,603332,9.07,9.26,9.47,9.07,23300,42240005.0,4.32,0.11,0.01,7.84
2021-04-07,603332,9.22,9.42,9.6,9.18,34275,62827143.0,4.54,1.73,0.16,11.53
2021-04-08,603332,9.45,9.37,9.72,9.31,37219,69114885.0,4.35,-0.53,-0.05,12.52
2021-04-09,603332,9.2,9.51,9.64,9.14,34933,64457653.0,5.34,1.49,0.14,11.75
2021-04-12,603332,9.54,9.39,9.72,9.33,23254,43013811.0,4.1,-1.26,-0.12,7.82
2021-04-13,603332,9.31,9.09,9.4,9.05,26779,48000698.0,3.73,-3.19,-0.3,9.01
2021-04-14,603332,9.09,9.38,9.43,9.05,23403,42628819.0,4.18,3.19,0.29,7.87
2021-04-15,603332,9.38,9.25,9.57,9.23,23937,43775356.0,3.62,-1.39,-0.13,8.05
2021-04-16,603332,9.25,9.55,9.73,9.25,32624,60599257.0,5.19,3.24,0.3,10.97
2021-04-19,603332,9.55,9.51,9.65,9.45,23456,43715718.0,2.09,-0.42,-0.04,7.89
2021-04-20,603332,9.52,9.39,9.73,9.36,26056,48472186.0,3.89,-1.26,-0.12,8.76
2021-04-21,603332,9.39,9.27,9.4,9.21,15624,28395583.0,2.02,-1.28,-0.12,5.25
2021-04-22,603332,9.24,9.31,9.4,9.16,14970,27147520.0,2.59,0.43,0.04,5.03
2021-04-23,603332,9.31,8.99,9.31,8.95,20635,36696144.0,3.87,-3.44,-0.32,6.94
2021-04-26,603332,8.99,9.11,9.24,8.79,19525,34702703.0,5.01,1.33,0.12,6.57
2021-04-27,603332,9.06,8.67,9.06,8.58,25541,43929094.0,5.27,-4.83,-0.44,8.59
2021-04-28,603332,8.67,8.7,8.81,8.65,12653,21683793.0,1.85,0.35,0.03,4.26
2021-04-29,603332,8.69,8.67,8.92,8.51,15928,27245668.0,4.71,-0.34,-0.03,5.36
2021-04-30,603332,8.7,8.32,8.86,8.3,19574,32979748.0,6.46,-4.04,-0.35,6.58
2021-05-06,603332,8.35,8.52,8.72,8.32,16501,27738598.0,4.81,2.4,0.2,5.55
2021-05-07,603332,8.57,8.52,8.62,8.35,15201,25431451.0,3.17,0.0,0.0,5.11
2021-05-10,603332,8.51,8.67,8.67,8.47,13500,22765323.0,2.35,1.76,0.15,4.54
2021-05-11,603332,8.59,8.68,8.69,8.53,11106,18832331.0,1.85,0.12,0.01,3.73
2021-05-12,603332,8.67,8.6,8.68,8.59,9237,15686397.0,1.04,-0.92,-0.08,3.11
2021-05-13,603332,8.6,8.46,8.7,8.42,16321,27486362.0,3.26,-1.63,-0.14,5.49
2021-05-14,603332,8.47,8.62,8.78,8.43,18033,30568154.0,4.14,1.89,0.16,6.06
2021-05-17,603332,8.6,8.31,8.61,8.29,23622,38984110.0,3.71,-3.6,-0.31,7.94
2021-05-18,603332,8.28,8.31,8.34,8.21,10559,17281799.0,1.56,0.0,0.0,3.55
2021-05-19,603332,8.31,8.19,8.32,8.17,14713,23863278.0,1.81,-1.44,-0.12,4.95
2021-05-20,603332,8.19,8.03,8.19,7.97,14795,23525154.0,2.69,-1.95,-0.16,4.98
2021-05-21,603332,8.04,8.11,8.31,8.04,19335,31227821.0,3.36,1.0,0.08,6.5
2021-05-24,603332,8.1,8.22,8.26,8.03,14498,23287718.0,2.84,1.36,0.11,4.88
2021-05-25,603332,8.2,8.22,8.26,8.12,12901,20857063.0,1.7,0.0,0.0,4.34
2021-05-26,603332,8.23,8.31,8.34,8.19,16496,26986978.0,1.82,1.09,0.09,5.55
2021-05-27,603332,8.28,8.4,8.45,8.28,20377,33615328.0,2.05,1.08,0.09,6.85
2021-05-28,603332,8.44,8.27,8.46,8.26,15740,25915467.0,2.38,-1.55,-0.13,5.29
2021-05-31,603332,8.31,8.39,8.45,8.2,13488,22192542.0,3.02,1.45,0.12,4.54
2021-06-01,603332,8.41,8.65,8.78,8.35,26353,44658565.0,5.13,3.1,0.26,8.86
2021-06-02,603332,8.65,8.56,8.76,8.49,21885,37031135.0,3.12,-1.04,-0.09,7.36
2021-06-03,603332,8.58,8.65,8.78,8.5,20749,35271918.0,3.27,1.05,0.09,6.98
2021-06-04,603332,8.59,8.66,8.72,8.55,15203,25793696.0,1.97,0.12,0.01,5.11
2021-06-07,603332,8.71,8.65,8.76,8.52,17705,30017837.0,2.77,-0.12,-0.01,5.95
2021-06-08,603332,8.59,8.56,8.67,8.51,16969,28598206.0,1.85,-1.04,-0.09,5.71
2021-06-09,603332,8.55,9.26,9.48,8.5,84259,150840325.0,11.45,8.18,0.7,28.34
2021-06-10,603332,9.18,8.97,9.18,8.83,63987,112485271.0,3.78,-3.13,-0.29,21.52
2021-06-11,603332,8.95,9.0,9.14,8.82,37352,65359947.0,3.57,0.33,0.03,12.56
2021-06-15,603332,8.93,8.62,9.0,8.6,26992,45645213.0,4.44,-4.22,-0.38,9.08
2021-06-16,603332,8.63,8.61,8.73,8.58,16133,27160566.0,1.74,-0.12,-0.01,5.43
2021-06-17,603332,8.62,8.51,8.66,8.49,16074,26796651.0,1.97,-1.16,-0.1,5.41
2021-06-18,603332,8.48,8.39,8.49,8.25,22957,37433861.0,2.82,-1.41,-0.12,7.72
2021-06-21,603332,8.38,8.45,8.57,8.34,13960,23078360.0,2.74,0.72,0.06,4.69
2021-06-22,603332,8.43,8.59,8.64,8.4,16996,28353797.0,2.84,1.66,0.14,5.72
2021-06-23,603332,8.59,8.5,8.62,8.48,12517,20804751.0,1.63,-1.05,-0.09,4.21
2021-06-24,603332,8.5,8.55,8.78,8.4,17072,28522809.0,4.47,0.59,0.05,5.74
2021-06-25,603332,8.61,8.79,8.83,8.53,31630,53689492.0,3.51,2.81,0.24,10.64
2021-06-28,603332,8.77,8.97,8.99,8.65,33900,58244606.0,3.87,2.05,0.18,11.4
2021-06-29,603332,8.94,8.82,8.98,8.76,22739,39196364.0,2.45,-1.67,-0.15,7.65
2021-06-30,603332,8.82,8.68,8.9,8.66,16527,28147751.0,2.72,-1.59,-0.14,5.56
2021-07-01,603332,8.73,8.77,9.06,8.7,28001,48457065.0,4.15,1.04,0.09,9.42
2021-07-02,603332,8.73,8.83,8.84,8.59,22092,37457483.0,2.85,0.68,0.06,7.43
2021-07-05,603332,8.74,8.96,9.17,8.74,20594,35816545.0,4.87,1.47,0.13,6.93
2021-07-06,603332,9.02,9.38,9.6,8.91,59631,107079201.0,7.7,4.69,0.42,20.05
2021-07-07,603332,9.27,9.23,9.38,9.13,37301,66738278.0,2.67,-1.6,-0.15,12.54
2021-07-08,603332,9.26,9.38,9.42,9.16,35442,63972886.0,2.82,1.63,0.15,11.92
2021-07-09,603332,9.28,9.34,9.45,9.2,24398,44133244.0,2.67,-0.43,-0.04,8.21
2021-07-12,603332,9.35,9.11,9.42,9.09,30832,55084698.0,3.53,-2.46,-0.23,10.37
2021-07-13,603332,9.12,9.21,9.27,8.96,24091,42735760.0,3.4,1.1,0.1,8.1
2021-07-14,603332,9.29,9.1,9.34,9.07,19717,35082385.0,2.93,-1.19,-0.11,6.63
2021-07-15,603332,9.02,8.91,9.14,8.73,22558,39132347.0,4.51,-2.09,-0.19,7.59
2021-07-16,603332,8.96,8.9,9.1,8.88,15189,26444005.0,2.47,-0.11,-0.01,5.11
2021-07-19,603332,8.91,8.87,8.94,8.7,14070,24090022.0,2.7,-0.34,-0.03,4.73
2021-07-20,603332,8.86,8.77,8.86,8.64,13054,22201856.0,2.48,-1.13,-0.1,4.39
2021-07-21,603332,8.77,8.98,9.2,8.77,18715,32749448.0,4.9,2.39,0.21,6.29
2021-07-22,603332,8.89,8.99,9.09,8.89,14687,25667132.0,2.23,0.11,0.01,4.94
2021-07-23,603332,8.97,8.99,9.15,8.75,25080,43629876.0,4.45,0.0,0.0,8.43
2021-07-26,603332,9.03,8.75,9.18,8.73,31530,55177045.0,5.01,-2.67,-0.24,10.6
2021-07-27,603332,8.7,8.41,8.92,8.38,25392,42921055.0,6.17,-3.89,-0.34,8.54
2021-07-28,603332,8.34,8.01,8.4,7.71,24792,38934959.0,8.2,-4.76,-0.4,8.34
2021-07-29,603332,8.01,8.12,8.25,8.01,14580,23212647.0,3.0,1.37,0.11,4.9
2021-07-30,603332,8.07,8.22,8.31,8.07,13343,21431944.0,2.96,1.23,0.1,4.49
2021-08-02,603332,8.18,8.55,8.65,8.18,16437,27190954.0,5.72,4.01,0.33,5.53
2021-08-03,603332,8.64,8.79,8.95,8.56,22974,39468586.0,4.56,2.81,0.24,7.73
2021-08-04,603332,8.77,8.87,8.95,8.75,16055,27670686.0,2.28,0.91,0.08,5.4
2021-08-05,603332,8.93,8.95,9.04,8.8,20282,35204226.0,2.71,0.9,0.08,6.82
2021-08-06,603332,8.95,8.9,9.11,8.86,13643,23783998.0,2.79,-0.56,-0.05,4.59
2021-08-09,603332,8.92,9.43,9.54,8.92,43422,78392337.0,6.97,5.96,0.53,14.6
2021-08-10,603332,9.43,9.51,9.59,9.32,29636,54432025.0,2.86,0.85,0.08,9.97
2021-08-11,603332,9.5,9.41,9.6,9.39,24229,44492420.0,2.21,-1.05,-0.1,8.15
2021-08-12,603332,9.62,9.66,9.7,9.39,27055,50100782.0,3.29,2.66,0.25,9.1
2021-08-13,603332,9.66,9.63,9.8,9.53,18405,34385931.0,2.8,-0.31,-0.03,6.19
2021-08-16,603332,9.61,9.59,9.96,9.57,20040,37615236.0,4.05,-0.42,-0.04,6.74
2021-08-17,603332,9.63,9.42,9.75,9.39,21629,40084454.0,3.75,-1.77,-0.17,7.27
2021-08-18,603332,9.72,9.66,9.78,9.41,16632,30980058.0,3.93,2.55,0.24,5.59
2021-08-19,603332,9.69,9.27,9.72,9.23,14957,27152298.0,5.07,-4.04,-0.39,5.03
2021-08-20,603332,9.46,9.55,9.64,9.07,15202,27766457.0,6.15,3.02,0.28,5.11
2021-08-23,603332,9.72,9.51,9.75,9.41,15148,27932401.0,3.56,-0.42,-0.04,5.09
2021-08-24,603332,9.36,9.17,9.39,9.09,18442,32878937.0,3.15,-3.58,-0.34,6.2
2021-08-25,603332,9.07,9.12,9.16,9.01,12490,22005722.0,1.64,-0.55,-0.05,4.2
2021-08-26,603332,9.12,8.76,9.14,8.76,16429,28310699.0,4.17,-3.95,-0.36,5.53
2021-08-27,603332,8.72,8.75,8.81,8.62,11399,19359289.0,2.17,-0.11,-0.01,3.83
2021-08-30,603332,8.72,8.39,8.76,8.32,20123,33401064.0,5.03,-4.11,-0.36,6.77
2021-08-31,603332,8.4,8.36,8.61,8.27,16730,27436114.0,4.05,-0.36,-0.03,5.63
2021-09-01,603332,8.39,8.34,8.46,8.18,20696,33586561.0,3.35,-0.24,-0.02,6.96
2021-09-02,603332,8.32,8.27,8.37,8.2,22455,36261374.0,2.04,-0.84,-0.07,7.55
2021-09-03,603332,8.27,8.42,8.44,8.27,23216,37959896.0,2.06,1.81,0.15,7.81
2021-09-06,603332,8.44,8.53,8.56,8.29,23280,38267546.0,3.21,1.31,0.11,7.83
2021-09-07,603332,8.49,8.54,8.59,8.46,17206,28631422.0,1.52,0.12,0.01,5.79
2021-09-08,603332,8.56,8.66,8.7,8.52,18757,31501184.0,2.11,1.41,0.12,6.31
2021-09-09,603332,8.66,8.6,8.66,8.55,12982,21756842.0,1.27,-0.69,-0.06,4.37
2021-09-10,603332,8.6,8.48,8.64,8.4,18371,30432927.0,2.79,-1.4,-0.12,6.18
2021-09-13,603332,8.46,8.51,8.61,8.37,17027,28211916.0,2.83,0.35,0.03,5.73
2021-09-14,603332,8.5,8.34,8.55,8.3,13559,22287327.0,2.94,-2.0,-0.17,4.56
2021-09-15,603332,8.34,8.44,8.54,8.27,10453,17164263.0,3.24,1.2,0.1,3.52
2021-09-16,603332,8.44,8.34,8.71,8.33,25406,42412648.0,4.5,-1.18,-0.1,8.54
2021-09-17,603332,8.37,8.25,8.48,8.01,19152,30849697.0,5.64,-1.08,-0.09,6.44
2021-09-22,603332,8.21,8.25,8.32,8.12,6856,10995748.0,2.42,0.0,0.0,2.31
2021-09-23,603332,8.28,8.28,8.35,8.17,9927,16027236.0,2.18,0.36,0.03,3.34
2021-09-24,603332,8.28,8.01,8.28,7.99,16211,25714961.0,3.5,-3.26,-0.27,5.45
2021-09-27,603332,8.05,7.7,8.06,7.59,17352,26429674.0,5.87,-3.87,-0.31,5.84
2021-09-28,603332,7.7,7.7,7.76,7.6,9922,14932946.0,2.08,0.0,0.0,3.34
2021-09-29,603332,7.68,7.48,7.68,7.48,11098,16550354.0,2.6,-2.86,-0.22,3.73
2021-09-30,603332,7.54,7.73,7.78,7.5,10494,15800232.0,3.74,3.34,0.25,3.53
2021-10-08,603332,7.78,8.07,8.09,7.78,13261,20688902.0,4.01,4.4,0.34,4.46
2021-10-11,603332,8.07,8.04,8.11,7.95,8388,13164770.0,1.98,-0.37,-0.03,2.82
2021-10-12,603332,8.03,7.96,8.07,7.82,7231,11251028.0,3.11,-1.0,-0.08,2.43
2021-10-13,603332,7.96,8.06,8.72,7.87,11124,17546061.0,10.68,1.26,0.1,3.74
2021-10-14,603332,8.09,8.17,8.29,7.98,10879,17302870.0,3.85,1.36,0.11,3.66
2021-10-15,603332,8.12,8.0,8.21,7.99,8909,14072159.0,2.69,-2.08,-0.17,3.0
2021-10-18,603332,8.0,8.01,8.11,7.9,5510,8600862.0,2.63,0.13,0.01,1.85
2021-10-19,603332,8.03,7.89,8.05,7.89,7417,11544526.0,2.0,-1.5,-0.12,2.49
2021-10-20,603332,7.96,7.75,7.96,7.71,8330,12704422.0,3.17,-1.77,-0.14,2.8
2021-10-21,603332,7.75,7.76,7.81,7.71,6012,9148241.0,1.29,0.13,0.01,2.02
2021-10-22,603332,7.77,7.62,7.8,7.62,6771,10243851.0,2.32,-1.8,-0.14,2.28
2021-10-25,603332,7.61,7.68,7.72,7.55,5602,8413522.0,2.23,0.79,0.06,1.88
2021-10-26,603332,7.68,7.58,7.71,7.56,6098,9129293.0,1.95,-1.3,-0.1,2.05
2021-10-27,603332,7.55,7.32,7.58,7.2,10428,15143811.0,5.01,-3.43,-0.26,3.51
2021-10-28,603332,7.4,7.53,7.75,7.4,13313,19806453.0,4.78,2.87,0.21,4.48
2021-10-29,603332,7.53,7.61,7.66,7.45,9020,13435426.0,2.79,1.06,0.08,3.03
2021-11-01,603332,7.63,7.7,7.73,7.5,6563,9917876.0,3.02,1.18,0.09,2.21
2021-11-02,603332,7.72,7.59,7.79,7.53,8558,12874325.0,3.38,-1.43,-0.11,2.88
2021-11-03,603332,7.62,7.78,7.83,7.53,9567,14554878.0,3.95,2.5,0.19,3.22
2021-11-04,603332,7.78,7.77,7.82,7.7,7160,10910176.0,1.54,-0.13,-0.01,2.41
2021-11-05,603332,7.82,7.78,7.82,7.72,6412,9792887.0,1.29,0.13,0.01,2.16
2021-11-08,603332,7.76,7.85,7.88,7.76,4576,7026260.0,1.54,0.9,0.07,1.54
2021-11-09,603332,7.84,7.91,7.95,7.82,7472,11544330.0,1.66,0.76,0.06,2.51
2021-11-10,603332,7.9,7.93,7.99,7.77,8470,13061483.0,2.78,0.25,0.02,2.85
2021-11-11,603332,7.94,8.05,8.09,7.85,9128,14326030.0,3.03,1.51,0.12,3.07
2021-11-12,603332,8.04,8.04,8.07,7.96,6091,9557394.0,1.37,-0.12,-0.01,2.05
2021-11-15,603332,8.04,8.18,8.23,8.0,11737,18700966.0,2.86,1.74,0.14,3.95
2021-11-16,603332,8.18,8.06,8.2,8.06,9859,15669228.0,1.71,-1.47,-0.12,3.32
2021-11-17,603332,8.06,8.2,8.28,8.06,13206,21168559.0,2.73,1.74,0.14,4.44
2021-11-18,603332,8.2,8.01,8.2,8.01,9304,14729806.0,2.32,-2.32,-0.19,3.13
2021-11-19,603332,8.01,8.07,8.15,7.93,8292,13078225.0,2.75,0.75,0.06,2.79
2021-11-22,603332,8.12,8.11,8.21,8.09,9716,15487014.0,1.49,0.5,0.04,3.27
2021-11-23,603332,8.16,8.28,8.33,8.06,14167,22817372.0,3.33,2.1,0.17,4.76
2021-11-24,603332,8.29,8.27,8.34,8.15,9058,14604268.0,2.29,-0.12,-0.01,3.05
2021-11-25,603332,8.27,8.26,8.32,8.18,7320,11817313.0,1.69,-0.12,-0.01,2.46
2021-11-26,603332,8.25,8.18,8.26,8.07,8750,14001976.0,2.3,-0.97,-0.08,2.94
2021-11-29,603332,8.14,8.07,8.14,8.02,7166,11340847.0,1.47,-1.34,-0.11,2.41
2021-11-30,603332,8.09,8.18,8.27,8.09,10518,16884937.0,2.23,1.36,0.11,3.54
2021-12-01,603332,8.12,8.48,8.49,8.12,19718,32332254.0,4.52,3.67,0.3,6.63
2021-12-02,603332,8.45,8.34,8.48,8.32,9974,16327987.0,1.89,-1.65,-0.14,3.35
2021-12-03,603332,8.31,8.37,8.41,8.29,6017,9811580.0,1.44,0.36,0.03,2.02
2021-12-06,603332,8.34,8.13,8.43,8.11,10969,17569833.0,3.82,-2.87,-0.24,3.69
2021-12-07,603332,8.13,8.09,8.21,8.02,7935,12574247.0,2.34,-0.49,-0.04,2.67
2021-12-08,603332,8.1,8.06,8.15,8.06,7857,12447365.0,1.11,-0.37,-0.03,2.64
2021-12-09,603332,8.07,8.09,8.13,7.98,8863,13994727.0,1.86,0.37,0.03,2.98
2021-12-10,603332,8.04,8.25,8.28,8.03,12650,20312616.0,3.09,1.98,0.16,4.25
2021-12-13,603332,8.26,8.21,8.36,8.2,10636,17185345.0,1.94,-0.48,-0.04,3.58
2021-12-14,603332,8.18,8.25,8.28,8.14,8130,13079054.0,1.71,0.49,0.04,2.73
2021-12-15,603332,8.27,8.27,8.37,8.23,11158,18101447.0,1.7,0.24,0.02,3.75
2021-12-16,603332,8.32,8.38,8.49,8.26,13082,21390894.0,2.78,1.33,0.11,4.4
2021-12-17,603332,8.32,8.38,8.45,8.23,12263,19978545.0,2.63,0.0,0.0,4.12
2021-12-20,603332,8.36,8.3,8.44,8.27,8913,14534310.0,2.03,-0.95,-0.08,3.0
2021-12-21,603332,8.26,8.46,8.52,8.21,17398,28648117.0,3.73,1.93,0.16,5.85
2021-12-22,603332,8.55,8.47,8.64,8.45,16736,27906163.0,2.25,0.12,0.01,5.63
2021-12-23,603332,8.45,8.31,8.51,8.28,14492,23623198.0,2.72,-1.89,-0.16,4.87
2021-12-24,603332,8.36,8.05,8.36,8.05,17182,27375516.0,3.73,-3.13,-0.26,5.78
2021-12-27,603332,8.05,8.14,8.21,7.95,8894,14101916.0,3.23,1.12,0.09,2.99
2021-12-28,603332,8.13,9.01,9.01,8.13,40653,69249082.0,10.81,10.69,0.87,13.67
2021-12-29,603332,9.22,8.76,9.22,8.68,64498,111164738.0,5.99,-2.77,-0.25,21.69
2021-12-30,603332,8.76,8.81,8.87,8.62,37228,63450260.0,2.85,0.57,0.05,12.52
2021-12-31,603332,8.78,8.65,8.84,8.65,21982,37294220.0,2.16,-1.82,-0.16,7.39
2022-01-04,603332,8.66,8.86,8.98,8.58,31118,53365782.0,4.62,2.43,0.21,10.47
2022-01-05,603332,8.81,8.9,8.94,8.72,25351,43539464.0,2.48,0.45,0.04,8.53
2022-01-06,603332,8.84,8.86,8.97,8.68,22350,38572955.0,3.26,-0.45,-0.04,7.52
2022-01-07,603332,8.84,8.65,8.92,8.65,22569,38574957.0,3.05,-2.37,-0.21,7.59
2022-01-10,603332,8.67,8.73,8.77,8.48,14437,24430454.0,3.35,0.92,0.08,4.86
2022-01-11,603332,8.67,8.95,9.03,8.66,30652,52969864.0,4.24,2.52,0.22,10.31
2022-01-12,603332,8.98,9.2,9.2,8.83,39031,68951163.0,4.13,2.79,0.25,13.13
2022-01-13,603332,9.21,9.15,9.27,9.01,25889,45887391.0,2.83,-0.54,-0.05,8.71
2022-01-14,603332,9.14,8.86,9.28,8.84,25162,44181757.0,4.81,-3.17,-0.29,8.46
2022-01-17,603332,8.86,9.18,9.18,8.7,29438,51763959.0,5.42,3.61,0.32,2.48
2022-01-18,603332,9.17,8.73,9.17,8.66,23828,40826819.0,5.56,-4.9,-0.45,2.0
2022-01-19,603332,8.68,8.91,9.0,8.65,20739,35875434.0,4.01,2.06,0.18,1.74
2022-01-20,603332,8.94,8.4,8.94,8.34,26945,44780210.0,6.73,-5.72,-0.51,2.27
2022-01-21,603332,8.44,8.41,8.76,8.32,16652,27675300.0,5.24,0.12,0.01,1.4
2022-01-24,603332,8.36,8.42,8.56,8.13,15333,24960141.0,5.11,0.12,0.01,1.29
2022-01-25,603332,8.37,8.05,8.53,7.9,23068,36684343.0,7.48,-4.39,-0.37,1.94
2022-01-26,603332,8.02,8.06,8.18,7.94,11140,17605565.0,2.98,0.12,0.01,0.94
2022-01-27,603332,8.06,7.78,8.06,7.75,14090,21751674.0,3.85,-3.47,-0.28,1.18
2022-01-28,603332,7.83,7.94,8.06,7.81,8451,13185261.0,3.21,2.06,0.16,0.71
2022-02-07,603332,8.01,8.02,8.16,7.87,9143,14316577.0,3.65,1.01,0.08,0.77
2022-02-08,603332,8.02,8.19,8.28,8.02,9161,14659682.0,3.24,2.12,0.17,0.77
2022-02-09,603332,8.18,8.27,8.36,8.17,9283,15032411.0,2.32,0.98,0.08,0.78
2022-02-10,603332,8.3,8.21,8.32,8.16,6803,10922007.0,1.93,-0.73,-0.06,0.57
2022-02-11,603332,8.21,8.07,8.27,8.03,7110,11283529.0,2.92,-1.71,-0.14,0.6
2022-02-14,603332,8.06,8.1,8.23,8.02,6814,10863072.0,2.6,0.37,0.03,0.57
2022-02-15,603332,8.1,7.95,8.12,7.88,12494,19486653.0,2.96,-1.85,-0.15,1.05
2022-02-16,603332,8.01,8.28,8.38,8.01,20525,33109958.0,4.65,4.15,0.33,1.73
2022-02-17,603332,8.25,8.32,8.4,8.23,14102,22915915.0,2.05,0.48,0.04,1.19
2022-02-18,603332,8.29,8.43,8.44,8.25,10663,17403950.0,2.28,1.32,0.11,0.9
2022-02-21,603332,8.49,9.04,9.34,8.43,76545,134389979.0,10.79,7.24,0.61,6.44
2022-02-22,603332,8.99,9.14,9.39,8.78,54086,96270797.0,6.75,1.11,0.1,4.55
2022-02-23,603332,9.22,9.05,9.28,9.05,26883,47563574.0,2.52,-0.98,-0.09,2.26
2022-02-24,603332,9.09,8.99,9.32,8.8,37024,65325529.0,5.75,-0.66,-0.06,3.11
2022-02-25,603332,9.03,9.05,9.17,8.94,21413,37719565.0,2.56,0.67,0.06,1.8
2022-02-28,603332,9.1,9.28,9.35,8.81,33539,59585245.0,5.97,2.54,0.23,2.82
2022-03-01,603332,9.28,10.14,10.27,9.25,90665,172835561.0,10.99,9.27,0.86,7.62
2022-03-02,603332,9.97,10.26,10.37,9.92,56511,111141727.0,4.44,1.18,0.12,4.75
2022-03-03,603332,10.39,10.06,10.39,9.96,38202,74627738.0,4.19,-1.95,-0.2,3.21
2022-03-04,603332,10.11,9.68,10.12,9.57,34779,65465205.0,5.47,-3.78,-0.38,2.92
2022-03-07,603332,9.71,9.83,9.95,9.56,29500,55924433.0,4.03,1.55,0.15,2.48
2022-03-08,603332,9.8,10.32,10.38,9.55,49249,96008355.0,8.44,4.98,0.49,4.14
2022-03-09,603332,10.38,10.39,10.49,10.04,53013,105439209.0,4.36,0.68,0.07,4.46
2022-03-10,603332,10.45,10.7,10.92,10.45,49809,101640451.0,4.52,2.98,0.31,4.19
2022-03-11,603332,10.7,10.99,11.1,10.37,36680,75540633.0,6.82,2.71,0.29,3.08
2022-03-14,603332,10.95,10.97,11.31,10.82,25571,54055889.0,4.46,-0.18,-0.02,2.15
2022-03-15,603332,10.88,10.86,11.2,10.73,40902,86009477.0,4.28,-1.0,-0.11,3.44
2022-03-16,603332,10.86,10.87,11.04,10.38,37481,77174223.0,6.08,0.09,0.01,3.15
2022-03-17,603332,10.92,11.44,11.75,10.89,57745,125494919.0,7.91,5.24,0.57,4.86
2022-03-18,603332,11.59,12.03,12.04,11.2,54983,122255132.0,7.34,5.16,0.59,4.62
2022-03-21,603332,11.98,12.02,12.13,11.7,38841,88445196.0,3.57,-0.08,-0.01,3.27
2022-03-22,603332,11.86,12.0,12.3,11.7,48833,112168161.0,4.99,-0.17,-0.02,4.11
2022-03-23,603332,12.01,12.29,12.4,11.81,42926,99440038.0,4.92,2.42,0.29,3.61
2022-03-24,603332,12.17,12.28,12.44,11.77,42478,98438569.0,5.45,-0.08,-0.01,3.57
2022-03-25,603332,12.19,12.23,12.69,12.03,52054,123270938.0,5.37,-0.41,-0.05,4.38
2022-03-28,603332,12.45,11.94,12.45,11.81,32135,73600813.0,5.23,-2.37,-0.29,2.7
2022-03-29,603332,12.03,11.76,12.03,11.5,43173,96733374.0,4.44,-1.51,-0.18,3.63
2022-03-30,603332,11.66,11.84,12.12,11.65,36955,84044351.0,4.0,0.68,0.08,3.11
2022-03-31,603332,11.99,11.68,12.03,11.64,28260,64093652.0,3.29,-1.35,-0.16,2.38
2022-04-01,603332,11.64,12.18,12.29,11.43,37657,85574492.0,7.36,4.28,0.5,3.17
2022-04-06,603332,12.09,11.83,12.11,11.65,34919,79152537.0,3.78,-2.87,-0.35,2.94
2022-04-07,603332,11.73,11.77,11.92,11.68,17171,38717898.0,2.03,-0.51,-0.06,1.44
2022-04-08,603332,11.76,11.78,11.96,11.59,36747,82777331.0,3.14,0.08,0.01,3.09
2022-04-11,603332,11.78,11.78,12.07,11.66,24541,55512367.0,3.48,0.0,0.0,2.06
2022-04-12,603332,11.66,11.81,11.81,11.49,30183,67590792.0,2.72,0.25,0.03,2.54
2022-04-13,603332,11.81,11.73,11.87,11.54,31528,70864407.0,2.79,-0.68,-0.08,2.65
2022-04-14,603332,11.43,11.38,11.58,11.15,60051,130752665.0,3.67,-2.98,-0.35,5.05
2022-04-15,603332,11.31,12.02,12.16,11.26,64214,143321118.0,7.91,5.62,0.64,5.4
2022-04-18,603332,12.02,12.03,12.14,11.61,28879,66072924.0,4.41,0.08,0.01,2.43
2022-04-19,603332,12.03,12.03,12.3,11.86,23943,55131594.0,3.66,0.0,0.0,2.01
2022-04-20,603332,12.03,12.04,12.17,11.92,17065,39244884.0,2.08,0.08,0.01,1.43
2022-04-21,603332,12.04,11.96,12.17,11.89,20661,47411230.0,2.33,-0.66,-0.08,1.74
2022-04-22,603332,12.0,12.02,12.05,11.59,23659,53769174.0,3.85,0.5,0.06,1.99
2022-04-25,603332,11.94,11.75,12.03,11.26,32936,74033772.0,6.41,-2.25,-0.27,2.77
2022-04-26,603332,11.72,11.37,11.73,11.21,48096,105134850.0,4.43,-3.23,-0.38,4.04
2022-04-27,603332,11.29,11.03,12.28,10.17,113201,229236842.0,18.56,-2.99,-0.34,9.52
2022-04-28,603332,11.04,10.87,11.22,10.43,47813,100923443.0,7.16,-1.45,-0.16,4.02
2022-04-29,603332,10.89,10.93,11.46,10.7,62273,131716144.0,6.99,0.55,0.06,5.24
2022-05-05,603332,10.91,11.14,11.2,10.86,30359,64789200.0,3.11,1.92,0.21,2.55
2022-05-06,603332,11.04,11.05,11.22,10.96,28109,59694416.0,2.33,-0.81,-0.09,2.36
2022-05-09,603332,11.0,11.15,11.3,10.79,23155,49709624.0,4.62,0.9,0.1,1.95
2022-05-10,603332,11.19,11.56,11.58,11.04,18529,40458595.0,4.84,3.68,0.41,1.56
2022-05-11,603332,11.62,11.76,11.93,11.51,21107,47417660.0,3.63,1.73,0.2,1.77
2022-05-12,603332,11.62,11.86,11.91,11.48,27787,62911876.0,3.66,0.85,0.1,2.34
2022-05-13,603332,11.81,12.04,12.1,11.77,26299,60123655.0,2.78,1.52,0.18,2.21
2022-05-16,603332,12.16,12.01,12.17,11.9,16467,37876829.0,2.24,-0.25,-0.03,1.38
2022-05-17,603332,12.08,12.04,12.12,11.92,16200,37294257.0,1.67,0.25,0.03,1.36
2022-05-18,603332,11.96,12.24,12.25,11.96,23101,53415758.0,2.41,1.66,0.2,1.94
2022-05-19,603332,12.08,12.26,12.34,12.04,22926,53587726.0,2.45,0.16,0.02,1.93
2022-05-20,603332,12.22,12.29,12.39,12.14,18745,43872158.0,2.04,0.24,0.03,1.58
2022-05-23,603332,12.22,13.45,13.59,12.22,61255,153732054.0,11.15,9.44,1.16,5.15
2022-05-24,603332,13.27,13.25,13.83,12.22,86319,216119775.0,11.97,-1.49,-0.2,7.26
2022-05-25,603332,13.11,12.79,13.58,12.75,38174,94807450.0,6.26,-3.47,-0.46,3.21
2022-05-26,603332,12.77,12.97,13.04,12.56,46671,114548690.0,3.75,1.41,0.18,3.92
2022-05-27,603332,12.75,13.51,13.65,12.75,57126,144789682.0,6.94,4.16,0.54,4.8
2022-05-30,603332,13.39,13.73,13.88,13.31,45583,118312642.0,4.22,1.63,0.22,3.83
2022-05-31,603332,13.69,14.04,14.09,13.59,41026,108762225.0,3.64,2.26,0.31,3.45
2022-06-01,603332,14.07,14.11,14.22,13.98,28894,77334209.0,1.71,0.5,0.07,2.43
2022-06-02,603332,13.95,14.65,14.75,13.87,39465,107665375.0,6.24,3.83,0.54,3.32
2022-06-06,603332,14.64,14.6,14.86,14.51,37040,102973000.0,2.39,-0.34,-0.05,3.11
2022-06-07,603332,14.53,15.13,15.21,14.46,53719,150941959.0,5.14,3.63,0.53,4.52
2022-06-08,603332,14.98,15.27,15.37,14.87,52750,152057739.0,3.3,0.93,0.14,4.44
2022-06-09,603332,15.1,15.0,15.29,14.96,30238,86470481.0,2.16,-1.77,-0.27,2.54
2022-06-10,603332,14.99,15.23,15.37,14.77,34238,98501941.0,4.0,1.53,0.23,2.88
2022-06-13,603332,15.23,15.06,15.48,15.05,20996,60557735.0,2.82,-1.12,-0.17,1.77
2022-06-14,603332,15.01,15.19,15.48,14.99,37042,106987988.0,3.25,0.86,0.13,3.11
2022-06-15,603332,15.28,15.09,15.81,15.07,40017,116342409.0,4.87,-0.66,-0.1,3.36
2022-06-16,603332,14.85,15.27,15.76,14.83,42560,122717037.0,6.16,1.19,0.18,3.58
2022-06-17,603332,15.27,15.04,15.59,15.04,35149,101523254.0,3.6,-1.51,-0.23,2.96
2022-06-20,603332,15.04,14.7,15.25,14.61,30759,86730096.0,4.26,-2.26,-0.34,2.59
2022-06-21,603332,14.67,14.48,14.96,14.42,18471,51405207.0,3.67,-1.5,-0.22,1.55
2022-06-22,603332,14.45,14.55,14.78,14.17,24051,66232797.0,4.21,0.48,0.07,2.02
2022-06-23,603332,14.55,15.61,16.05,14.43,51243,103028719.0,11.13,7.29,1.06,3.08
2022-06-24,603332,15.66,16.05,16.63,15.37,51388,110177418.0,8.07,2.82,0.44,3.09
2022-06-27,603332,16.04,16.36,16.71,15.98,69217,151923690.0,4.55,1.93,0.31,4.16
2022-06-28,603332,16.26,16.19,16.72,16.18,47204,103490269.0,3.3,-1.04,-0.17,2.83
2022-06-29,603332,16.28,16.05,16.48,15.58,53149,114296609.0,5.56,-0.86,-0.14,3.19
2022-06-30,603332,16.04,17.16,17.63,16.04,133891,307887888.0,9.91,6.92,1.11,8.04
2022-07-01,603332,17.39,17.18,17.55,16.92,41372,94973456.0,3.67,0.12,0.02,2.48
2022-07-04,603332,17.16,17.42,17.68,17.04,52964,123006702.0,3.73,1.4,0.24,3.18
2022-07-05,603332,17.42,17.41,17.95,17.17,41373,97225475.0,4.48,-0.06,-0.01,2.48
2022-07-06,603332,17.43,17.48,17.78,17.35,43208,101286388.0,2.47,0.4,0.07,2.59
2022-07-07,603332,17.68,17.58,17.82,17.25,34816,81460774.0,3.26,0.57,0.1,2.09
2022-07-08,603332,17.58,17.55,17.87,17.47,44736,105053422.0,2.28,-0.17,-0.03,2.69
2022-07-11,603332,17.31,17.84,17.92,17.16,34142,80479155.0,4.33,1.65,0.29,2.05
2022-07-12,603332,17.88,18.01,18.35,17.67,38985,93851654.0,3.81,0.95,0.17,2.34
2022-07-13,603332,18.21,18.02,18.24,17.84,35335,85167956.0,2.22,0.06,0.01,2.12
2022-07-14,603332,18.01,18.09,18.21,17.94,24011,57820466.0,1.5,0.39,0.07,1.44
2022-07-15,603332,18.09,17.72,18.16,17.72,25226,60208680.0,2.43,-2.05,-0.37,1.51
2022-07-18,603332,17.66,15.91,17.68,15.91,20374,45220402.0,9.99,-10.21,-1.81,1.22
2022-07-19,603332,14.27,14.27,14.27,14.27,4887,9348831.0,0.0,-10.31,-1.64,0.29
2022-07-20,603332,12.8,12.8,12.8,12.8,6737,11601114.0,0.0,-10.3,-1.47,0.4
2022-07-21,603332,11.48,11.48,11.48,11.48,17552,27205600.0,0.0,-10.31,-1.32,1.05
2022-07-22,603332,10.3,10.39,11.05,10.28,360757,508177731.0,6.71,-9.49,-1.09,21.67
2022-07-25,603332,9.86,9.61,10.08,9.56,247248,329523506.0,5.0,-7.51,-0.78,14.85
2022-07-26,603332,9.61,9.71,9.78,9.32,168842,219608716.0,4.79,1.04,0.1,10.14
2022-07-27,603332,9.57,9.61,9.71,9.5,101864,133092116.0,2.16,-1.03,-0.1,6.12
2022-07-28,603332,9.6,9.58,9.71,9.57,101863,133288123.0,1.46,-0.31,-0.03,6.12
2022-07-29,603332,9.53,9.63,9.68,9.41,120742,156753292.0,2.82,0.52,0.05,7.25
2022-08-01,603332,9.63,9.51,9.63,9.48,73926,95944346.0,1.56,-1.25,-0.12,4.44
2022-08-02,603332,9.4,8.98,9.41,8.88,95989,118627500.0,5.57,-5.57,-0.53,5.76
2022-08-03,603332,8.91,8.99,9.21,8.9,63411,78377584.0,3.45,0.11,0.01,3.81
2022-08-04,603332,9.05,9.34,9.35,8.95,81225,101412039.0,4.45,3.89,0.35,4.88
2022-08-05,603332,9.31,9.24,9.31,9.11,59393,74440808.0,2.14,-1.07,-0.1,3.57
2022-08-08,603332,9.23,9.35,9.36,9.13,57908,73326500.0,2.49,1.19,0.11,3.48
2022-08-09,603332,9.33,9.38,9.53,9.28,61488,78739363.0,2.67,0.32,0.03,3.69
2022-08-10,603332,9.35,9.3,9.35,9.22,44028,55609133.0,1.39,-0.85,-0.08,2.64
2022-08-11,603332,9.34,9.55,9.66,9.31,82681,106610714.0,3.76,2.69,0.25,4.97
2022-08-12,603332,9.51,9.48,9.61,9.45,53246,68934965.0,1.68,-0.73,-0.07,3.2
2022-08-15,603332,9.48,9.48,9.52,9.37,37342,47983551.0,1.58,0.0,0.0,2.24
2022-08-16,603332,9.45,9.62,9.82,9.45,70276,92167842.0,3.9,1.48,0.14,4.22
2022-08-17,603332,9.67,9.69,9.75,9.55,59389,77908603.0,2.08,0.73,0.07,3.57
2022-08-18,603332,9.68,9.53,9.68,9.48,50725,65962806.0,2.06,-1.65,-0.16,3.05
2022-08-19,603332,9.55,9.35,9.56,9.35,46016,59178734.0,2.2,-1.89,-0.18,2.76
2022-08-22,603332,9.32,9.52,9.54,9.25,41431,53143270.0,3.1,1.82,0.17,2.49
2022-08-23,603332,9.48,9.51,9.58,9.44,28162,36371597.0,1.47,-0.11,-0.01,1.69
2022-08-24,603332,9.55,9.21,9.6,9.21,41155,52241030.0,4.1,-3.15,-0.3,2.47
2022-08-25,603332,9.22,9.13,9.3,8.98,32202,40087966.0,3.47,-0.87,-0.08,1.93
2022-08-26,603332,9.08,9.05,9.37,9.05,26461,33132240.0,3.5,-0.88,-0.08,1.59
2022-08-29,603332,8.95,9.5,9.69,8.8,81720,104495426.0,9.83,4.97,0.45,4.91
2022-08-30,603332,9.38,9.31,9.49,9.25,39384,50187236.0,2.53,-2.0,-0.19,2.37
2022-08-31,603332,9.34,9.17,9.42,9.11,48762,61326387.0,3.33,-1.5,-0.14,2.93
2022-09-01,603332,9.2,9.22,9.37,9.13,34652,43672278.0,2.62,0.55,0.05,2.08
2022-09-02,603332,9.23,9.28,9.32,9.21,26455,33426881.0,1.19,0.65,0.06,1.59
2022-09-05,603332,9.27,9.41,9.41,9.17,30714,38930405.0,2.59,1.4,0.13,1.84
2022-09-06,603332,9.55,9.43,9.55,9.35,30317,38892883.0,2.13,0.21,0.02,1.82
2022-09-07,603332,9.38,9.39,9.45,9.35,23176,29642340.0,1.06,-0.42,-0.04,1.39
2022-09-08,603332,9.41,9.23,9.44,9.23,25940,32911940.0,2.24,-1.7,-0.16,1.56
2022-09-09,603332,9.27,9.21,9.28,9.08,22437,28024566.0,2.17,-0.22,-0.02,1.35
2022-09-13,603332,9.24,9.28,9.42,9.21,26436,33539004.0,2.28,0.76,0.07,1.59
2022-09-14,603332,9.13,9.21,9.21,9.04,26928,33516436.0,1.83,-0.75,-0.07,1.62
2022-09-15,603332,9.25,9.03,9.28,8.88,37198,45922879.0,4.34,-1.95,-0.18,2.23
2022-09-16,603332,8.98,8.78,9.02,8.78,26584,32263935.0,2.66,-2.77,-0.25,1.6
2022-09-19,603332,8.77,8.64,8.78,8.53,24775,29186106.0,2.85,-1.59,-0.14,1.49
2022-09-20,603332,8.61,8.85,8.92,8.61,29224,35158390.0,3.59,2.43,0.21,1.76
2022-09-21,603332,8.85,8.91,8.93,8.71,19350,23345297.0,2.49,0.68,0.06,1.16
2022-09-22,603332,8.85,8.72,8.93,8.72,19671,23680000.0,2.36,-2.13,-0.19,1.18
2022-09-23,603332,8.75,8.48,8.77,8.41,26006,30389995.0,4.13,-2.75,-0.24,1.56
2022-09-26,603332,8.42,8.27,8.48,8.24,23708,27041245.0,2.83,-2.48,-0.21,1.42
2022-09-27,603332,8.27,8.61,8.63,8.21,32792,38018407.0,5.08,4.11,0.34,1.97
2022-09-28,603332,8.65,8.36,8.67,8.35,25248,29446482.0,3.72,-2.9,-0.25,1.52
2022-09-29,603332,8.41,8.17,8.51,8.13,27546,31160431.0,4.55,-2.27,-0.19,1.65
2022-09-30,603332,8.18,8.1,8.21,8.07,19771,22065774.0,1.71,-0.86,-0.07,1.19
2022-10-10,603332,8.1,7.95,8.18,7.91,26571,29280798.0,3.33,-1.85,-0.15,1.6
2022-10-11,603332,7.96,7.95,8.01,7.76,21911,23734823.0,3.14,0.0,0.0,1.32
2022-10-12,603332,7.95,8.18,8.18,7.89,23492,25917240.0,3.65,2.89,0.23,1.41
2022-10-13,603332,8.18,8.31,8.41,8.09,26782,30341814.0,3.91,1.59,0.13,1.61
2022-10-14,603332,8.36,8.46,8.49,8.32,22393,25837278.0,2.05,1.81,0.15,1.34
2022-10-17,603332,8.44,8.52,8.53,8.4,19319,22435653.0,1.54,0.71,0.06,1.16
2022-10-18,603332,8.52,8.45,8.55,8.44,16145,18727163.0,1.29,-0.82,-0.07,0.97
2022-10-19,603332,8.45,8.44,8.51,8.38,15610,18044661.0,1.54,-0.12,-0.01,0.94
2022-10-20,603332,8.4,8.45,8.55,8.33,16309,18890823.0,2.61,0.12,0.01,0.98
2022-10-21,603332,8.53,8.33,8.59,8.31,16655,19197634.0,3.31,-1.42,-0.12,1.0
2022-10-24,603332,8.34,8.25,8.58,8.19,22944,26332691.0,4.68,-0.96,-0.08,1.38
2022-10-25,603332,8.25,8.23,8.31,8.04,24197,27115788.0,3.27,-0.24,-0.02,1.45
2022-10-26,603332,8.26,8.37,8.43,8.18,21038,24083708.0,3.04,1.7,0.14,1.26
2022-10-27,603332,8.42,8.32,8.45,8.32,14466,16601842.0,1.55,-0.6,-0.05,0.87
2022-10-28,603332,8.28,7.91,8.4,7.88,28226,31229215.0,6.25,-4.93,-0.41,1.7
2022-10-31,603332,7.75,7.87,8.01,7.73,16754,18161181.0,3.54,-0.51,-0.04,1.01
2022-11-01,603332,7.88,8.08,8.13,7.84,17526,19159814.0,3.68,2.67,0.21,1.05
2022-11-02,603332,8.09,8.22,8.31,8.01,18860,21207948.0,3.71,1.73,0.14,1.13
2022-11-03,603332,8.11,8.18,8.24,8.11,12957,14512246.0,1.58,-0.49,-0.04,0.78
2022-11-04,603332,8.18,8.29,8.3,8.18,18030,20398436.0,1.47,1.34,0.11,1.08
2022-11-07,603332,8.29,8.6,8.65,8.29,42187,49242833.0,4.34,3.74,0.31,2.53
2022-11-08,603332,8.6,8.66,8.68,8.46,26027,30560487.0,2.56,0.7,0.06,1.56
2022-11-09,603332,8.69,8.55,8.69,8.55,22290,26244888.0,1.62,-1.27,-0.11,1.34
2022-11-10,603332,8.58,8.53,8.59,8.48,13438,15699550.0,1.29,-0.23,-0.02,0.81
2022-11-11,603332,8.64,8.55,8.75,8.55,19974,23526862.0,2.34,0.23,0.02,1.2
2022-11-14,603332,8.55,8.68,8.77,8.55,27696,32905045.0,2.57,1.52,0.13,1.66
2022-11-15,603332,8.71,8.77,8.77,8.63,20266,24114210.0,1.61,1.04,0.09,1.22
2022-11-16,603332,8.82,8.91,9.12,8.77,44731,54561935.0,3.99,1.6,0.14,2.69
2022-11-17,603332,8.91,8.91,8.98,8.81,16677,20261587.0,1.91,0.0,0.0,1.0
2022-11-18,603332,8.9,8.75,8.99,8.72,19798,23877077.0,3.03,-1.8,-0.16,1.19
2022-11-21,603332,8.75,8.78,8.79,8.62,12457,14818930.0,1.94,0.34,0.03,0.75
2022-11-22,603332,8.82,8.67,8.92,8.64,15270,18259412.0,3.19,-1.25,-0.11,0.92
2022-11-23,603332,8.68,8.63,8.69,8.48,13278,15579863.0,2.42,-0.46,-0.04,0.8
2022-11-24,603332,8.66,8.66,8.71,8.59,14123,16697058.0,1.39,0.35,0.03,0.85
2022-11-25,603332,8.65,8.54,8.68,8.52,12163,14256025.0,1.85,-1.39,-0.12,0.73
2022-11-28,603332,8.45,8.45,8.55,8.39,12290,14211199.0,1.87,-1.05,-0.09,0.74
2022-11-29,603332,8.55,8.68,8.74,8.48,16670,19709898.0,3.08,2.72,0.23,1.0
2022-11-30,603332,8.73,8.63,8.73,8.59,11266,13314436.0,1.61,-0.58,-0.05,0.68
2022-12-01,603332,8.73,8.66,8.73,8.63,13207,15654280.0,1.16,0.35,0.03,0.79
2022-12-02,603332,8.65,8.85,8.93,8.64,26423,31783200.0,3.35,2.19,0.19,1.59
2022-12-05,603332,8.85,8.86,8.9,8.8,15767,19025645.0,1.13,0.11,0.01,0.95
2022-12-06,603332,8.9,8.74,8.9,8.71,12691,15240655.0,2.14,-1.35,-0.12,0.76
2022-12-07,603332,8.74,8.71,8.76,8.66,11654,13869388.0,1.14,-0.34,-0.03,0.7
2022-12-08,603332,8.69,8.65,8.75,8.63,12214,14508762.0,1.38,-0.69,-0.06,0.73
2022-12-09,603332,8.72,8.65,8.76,8.61,11389,13487113.0,1.73,0.0,0.0,0.68
2022-12-12,603332,8.66,8.55,8.75,8.53,13798,16235150.0,2.54,-1.16,-0.1,0.83
2022-12-13,603332,8.55,8.63,8.72,8.5,13272,15671870.0,2.57,0.94,0.08,0.8
2022-12-14,603332,8.63,8.56,8.71,8.51,10038,11829607.0,2.32,-0.81,-0.07,0.6
2022-12-15,603332,8.57,8.48,8.65,8.46,14462,16885722.0,2.22,-0.93,-0.08,0.87
2022-12-16,603332,8.48,8.31,8.48,8.31,15334,17574009.0,2.0,-2.0,-0.17,0.92
2022-12-19,603332,8.28,8.07,8.33,8.05,17591,19658496.0,3.37,-2.89,-0.24,1.06
2022-12-20,603332,8.07,8.13,8.16,8.01,10696,11889462.0,1.86,0.74,0.06,0.64
2022-12-21,603332,8.13,8.09,8.16,8.04,6875,7636341.0,1.48,-0.49,-0.04,0.41
2022-12-22,603332,8.09,7.9,8.11,7.88,15483,17029193.0,2.84,-2.35,-0.19,0.93
2022-12-23,603332,7.87,7.98,8.05,7.82,14863,16217434.0,2.91,1.01,0.08,0.89
2022-12-26,603332,8.07,8.13,8.17,8.01,13826,15379735.0,2.01,1.88,0.15,0.83
2022-12-27,603332,8.2,8.05,8.2,8.0,12519,13827051.0,2.46,-0.98,-0.08,0.75
2022-12-28,603332,8.06,7.9,8.08,7.85,11321,12312971.0,2.86,-1.86,-0.15,0.68
2022-12-29,603332,7.85,7.78,7.91,7.75,14583,15631571.0,2.03,-1.52,-0.12,0.88
2022-12-30,603332,7.78,7.77,7.85,7.75,9706,10375162.0,1.29,-0.13,-0.01,0.58
2023-01-03,603332,7.8,7.96,7.97,7.75,13788,14931433.0,2.83,2.45,0.19,0.83
2023-01-04,603332,7.96,8.0,8.07,7.9,13420,14730292.0,2.14,0.5,0.04,0.81
2023-01-05,603332,8.07,8.01,8.07,7.94,8355,9150519.0,1.63,0.13,0.01,0.5
2023-01-06,603332,8.0,7.98,8.06,7.96,9733,10691303.0,1.25,-0.37,-0.03,0.58
2023-01-09,603332,7.98,7.99,8.12,7.94,11160,12262613.0,2.26,0.13,0.01,0.67
2023-01-10,603332,7.99,7.86,7.99,7.85,10907,11829066.0,1.75,-1.63,-0.13,0.66
2023-01-11,603332,7.86,7.82,7.89,7.79,13588,14648843.0,1.27,-0.51,-0.04,0.82
2023-01-12,603332,7.85,7.73,7.88,7.73,21609,23091335.0,1.92,-1.15,-0.09,1.3
2023-01-13,603332,7.73,7.78,7.79,7.69,15652,16664550.0,1.29,0.65,0.05,0.94
2023-01-16,603332,7.78,7.86,7.88,7.75,13564,14612642.0,1.67,1.03,0.08,0.81
2023-01-17,603332,7.89,7.71,7.9,7.7,22100,23554777.0,2.54,-1.91,-0.15,1.33
2023-01-18,603332,7.74,7.75,7.77,7.69,14829,15763304.0,1.04,0.52,0.04,0.89
2023-01-19,603332,7.72,7.75,7.78,7.7,10819,11506191.0,1.03,0.0,0.0,0.65
2023-01-20,603332,7.76,7.91,7.91,7.75,18540,19996058.0,2.06,2.06,0.16,1.11
2023-01-30,603332,8.01,8.15,8.18,7.98,30840,34257569.0,2.53,3.03,0.24,1.85
2023-01-31,603332,8.11,8.2,8.25,8.03,23738,26540744.0,2.7,0.61,0.05,1.43
2023-02-01,603332,8.25,8.31,8.31,8.2,22003,24914517.0,1.34,1.34,0.11,1.32
2023-02-02,603332,8.36,8.32,8.36,8.29,18180,20714083.0,0.84,0.12,0.01,1.09
2023-02-03,603332,8.38,8.31,8.38,8.19,19680,22265478.0,2.28,-0.12,-0.01,1.18
2023-02-06,603332,8.3,8.3,8.39,8.27,12990,14804610.0,1.44,-0.12,-0.01,0.78
2023-02-07,603332,8.37,8.35,8.37,8.25,15792,17952062.0,1.45,0.6,0.05,0.95
2023-02-08,603332,8.35,8.4,8.46,8.35,17939,20645142.0,1.32,0.6,0.05,1.08
2023-02-09,603332,8.4,8.47,8.48,8.36,13313,15384941.0,1.43,0.83,0.07,0.8
2023-02-10,603332,8.48,8.53,8.6,8.45,20162,23521040.0,1.77,0.71,0.06,1.21
2023-02-13,603332,8.55,8.54,8.58,8.45,18127,21095992.0,1.52,0.12,0.01,1.09
2023-02-14,603332,8.54,8.6,8.62,8.53,15106,17729345.0,1.05,0.7,0.06,0.91
2023-02-15,603332,8.61,8.57,8.61,8.49,14168,16554958.0,1.4,-0.35,-0.03,0.85
2023-02-16,603332,8.58,8.35,8.58,8.26,23094,26728003.0,3.73,-2.57,-0.22,1.39
2023-02-17,603332,8.35,8.38,8.49,8.32,12333,14205120.0,2.04,0.36,0.03,0.74
2023-02-20,603332,8.4,8.37,8.45,8.31,13294,15238473.0,1.67,-0.12,-0.01,0.8
2023-02-21,603332,8.41,8.38,8.41,8.29,11958,13683629.0,1.43,0.12,0.01,0.72
2023-02-22,603332,8.37,8.33,8.39,8.29,11985,13695304.0,1.19,-0.6,-0.05,0.72
2023-02-23,603332,8.35,8.38,8.47,8.33,13843,15910232.0,1.68,0.6,0.05,0.83
2023-02-24,603332,8.39,8.37,8.43,8.3,9815,11246380.0,1.55,-0.12,-0.01,0.59
2023-02-27,603332,8.38,8.24,8.39,8.21,12434,14127357.0,2.15,-1.55,-0.13,0.75
2023-02-28,603332,8.31,8.29,8.34,8.21,12431,14088389.0,1.58,0.61,0.05,0.75
2023-03-01,603332,8.31,8.39,8.39,8.23,11888,13580885.0,1.93,1.21,0.1,0.71
2023-03-02,603332,8.41,8.3,8.44,8.29,11838,13532816.0,1.79,-1.07,-0.09,0.71
2023-03-03,603332,8.31,8.31,8.38,8.28,10550,12037210.0,1.2,0.12,0.01,0.63
2023-03-06,603332,8.35,8.32,8.42,8.31,13492,15436261.0,1.32,0.12,0.01,0.81
2023-03-07,603332,8.35,8.15,8.38,8.14,16178,18299493.0,2.88,-2.04,-0.17,0.97
2023-03-08,603332,8.14,8.25,8.27,8.08,12373,13879865.0,2.33,1.23,0.1,0.74
2023-03-09,603332,8.24,8.35,8.36,8.18,13913,15781725.0,2.18,1.21,0.1,0.84
2023-03-10,603332,8.32,8.2,8.38,8.2,13074,14828136.0,2.16,-1.8,-0.15,0.79
2023-03-13,603332,8.18,8.15,8.28,8.12,12858,14422366.0,1.95,-0.61,-0.05,0.77
2023-03-14,603332,8.11,8.0,8.17,7.92,17156,18844534.0,3.07,-1.84,-0.15,1.03
2023-03-15,603332,8.05,8.21,8.26,8.01,19122,21413610.0,3.13,2.63,0.21,1.15
2023-03-16,603332,8.15,8.01,8.2,7.97,14518,16034284.0,2.8,-2.44,-0.2,0.87
2023-03-17,603332,8.08,8.09,8.18,7.98,16196,17998706.0,2.5,1.0,0.08,0.97
2023-03-20,603332,8.02,7.99,8.16,7.92,17786,19503435.0,2.97,-1.24,-0.1,1.07
2023-03-21,603332,8.09,8.27,8.29,8.08,33801,37995337.0,2.63,3.5,0.28,2.03
2023-03-22,603332,8.27,8.23,8.35,8.18,15928,17988691.0,2.06,-0.48,-0.04,0.96
2023-03-23,603332,8.21,8.18,8.23,8.14,13380,15011828.0,1.09,-0.61,-0.05,0.8
2023-03-24,603332,8.18,8.35,8.38,8.18,22620,25732527.0,2.44,2.08,0.17,1.36
2023-03-27,603332,8.36,8.3,8.36,8.16,16864,19057268.0,2.4,-0.6,-0.05,1.01
2023-03-28,603332,8.35,8.25,8.51,8.25,23468,26880649.0,3.13,-0.6,-0.05,1.41
2023-03-29,603332,8.24,8.11,8.28,8.1,17773,19880109.0,2.18,-1.7,-0.14,1.07
2023-03-30,603332,8.16,8.02,8.16,8.01,13819,15264444.0,1.85,-1.11,-0.09,0.83
2023-03-31,603332,8.06,8.08,8.13,8.01,9080,10072795.0,1.5,0.75,0.06,0.55
2023-04-03,603332,8.08,8.11,8.13,8.04,10902,12099200.0,1.11,0.37,0.03,0.65
2023-04-04,603332,8.09,7.98,8.13,7.95,18216,20089597.0,2.22,-1.6,-0.13,1.09
2023-04-06,603332,7.95,7.89,7.97,7.88,11472,12472853.0,1.13,-1.13,-0.09,0.69
2023-04-07,603332,7.9,7.9,7.92,7.86,12060,13070290.0,0.76,0.13,0.01,0.72
2023-04-10,603332,7.88,7.77,7.95,7.75,16556,17837801.0,2.53,-1.65,-0.13,0.99
2023-04-11,603332,7.8,7.75,7.81,7.72,10897,11628666.0,1.16,-0.26,-0.02,0.65
2023-04-12,603332,7.75,7.8,7.81,7.73,7710,8245007.0,1.03,0.65,0.05,0.46
2023-04-13,603332,7.81,7.85,7.86,7.76,10377,11151116.0,1.28,0.64,0.05,0.62
2023-04-14,603332,7.84,7.88,7.91,7.82,9165,9900424.0,1.15,0.38,0.03,0.55
2023-04-17,603332,7.89,7.87,7.93,7.85,9622,10440178.0,1.02,-0.13,-0.01,0.58
2023-04-18,603332,7.88,7.91,7.93,7.81,11069,11976085.0,1.52,0.51,0.04,0.66
2023-04-19,603332,7.91,7.81,7.95,7.81,8530,9198568.0,1.77,-1.26,-0.1,0.51
2023-04-20,603332,7.84,7.75,7.84,7.69,9151,9734765.0,1.92,-0.77,-0.06,0.55
2023-04-21,603332,7.71,7.43,7.76,7.41,22364,23204392.0,4.52,-4.13,-0.32,1.34
2023-04-24,603332,7.39,7.31,7.41,7.19,22697,22797569.0,2.96,-1.62,-0.12,1.36
2023-04-25,603332,7.28,7.18,7.35,7.1,15734,15628575.0,3.42,-1.78,-0.13,0.94
2023-04-26,603332,7.18,7.34,7.38,7.15,9455,9528274.0,3.2,2.23,0.16,0.57
2023-04-27,603332,7.34,7.41,7.46,7.28,7987,8150079.0,2.45,0.95,0.07,0.48
2023-04-28,603332,7.42,7.57,7.57,7.35,9230,9533993.0,2.97,2.16,0.16,0.55
2023-05-04,603332,7.57,7.75,7.75,7.5,19912,21029379.0,3.3,2.38,0.18,1.2
2023-05-05,603332,7.75,7.71,7.77,7.63,9401,9952167.0,1.81,-0.52,-0.04,0.56
2023-05-08,603332,7.71,7.73,7.78,7.67,7702,8182318.0,1.43,0.26,0.02,0.46
2023-05-09,603332,7.72,7.58,7.72,7.57,12346,12985723.0,1.94,-1.94,-0.15,0.74
2023-05-10,603332,7.55,7.72,7.72,7.55,11403,12055323.0,2.24,1.85,0.14,0.68
2023-05-11,603332,7.73,7.86,7.86,7.73,11701,12567379.0,1.68,1.81,0.14,0.7
2023-05-12,603332,7.83,7.81,7.96,7.79,8368,9026474.0,2.16,-0.64,-0.05,0.5
2023-05-15,603332,7.81,7.85,7.88,7.78,8419,9049718.0,1.28,0.51,0.04,0.51
2023-05-16,603332,7.85,7.73,7.85,7.69,7072,7527733.0,2.04,-1.53,-0.12,0.42
2023-05-17,603332,7.73,7.88,7.88,7.65,13619,14640149.0,2.98,1.94,0.15,0.82
2023-05-18,603332,7.88,7.85,7.93,7.8,9598,10366985.0,1.65,-0.38,-0.03,0.58
2023-05-19,603332,7.85,7.88,7.92,7.71,9502,10247011.0,2.68,0.38,0.03,0.57
2023-05-22,603332,7.9,7.91,7.94,7.85,6781,7360449.0,1.14,0.38,0.03,0.41
2023-05-23,603332,7.94,7.97,8.01,7.85,14000,15265362.0,2.02,0.76,0.06,0.84
2023-05-24,603332,7.94,7.87,7.95,7.85,9231,10015036.0,1.25,-1.25,-0.1,0.55
2023-05-25,603332,7.91,7.93,7.94,7.78,9684,10469109.0,2.03,0.76,0.06,0.58
2023-05-26,603332,7.93,8.01,8.04,7.82,10511,11479234.0,2.77,1.01,0.08,0.63
2023-05-29,603332,8.06,8.14,8.35,8.01,35540,39850598.0,4.24,1.62,0.13,2.13
2023-05-30,603332,8.15,7.9,8.17,7.85,22066,24090432.0,3.93,-2.95,-0.24,1.33
2023-05-31,603332,7.86,8.15,8.18,7.85,24652,27199291.0,4.18,3.16,0.25,1.48
2023-06-01,603332,8.19,7.95,8.21,7.91,25561,28166290.0,3.68,-2.45,-0.2,1.54
2023-06-02,603332,7.95,7.95,8.01,7.9,17590,19196544.0,1.38,0.0,0.0,1.06
2023-06-05,603332,7.98,7.95,8.04,7.9,10193,11115710.0,1.76,0.0,0.0,0.61
2023-06-06,603332,7.98,7.81,7.98,7.81,13116,14189326.0,2.14,-1.76,-0.14,0.79
2023-06-07,603332,7.8,7.78,7.87,7.77,9084,9756337.0,1.28,-0.38,-0.03,0.55
2023-06-08,603332,7.78,7.78,7.85,7.76,7681,8236335.0,1.16,0.0,0.0,0.46
2023-06-09,603332,7.73,7.77,7.79,7.73,7339,7831363.0,0.77,-0.13,-0.01,0.44
2023-06-12,603332,7.72,7.77,7.81,7.49,15492,16271539.0,4.12,0.0,0.0,0.93
2023-06-13,603332,7.77,7.79,7.85,7.75,6447,6900004.0,1.29,0.26,0.02,0.39
2023-06-14,603332,7.73,7.69,7.8,7.68,9738,10330150.0,1.54,-1.28,-0.1,0.58
2023-06-15,603332,7.68,7.61,7.71,7.56,8222,8606483.0,1.95,-1.04,-0.08,0.49
2023-06-16,603332,7.62,7.59,7.67,7.57,11540,12083402.0,1.31,-0.26,-0.02,0.69
2023-06-19,603332,7.61,7.53,7.66,7.53,8254,8623638.0,1.71,-0.79,-0.06,0.5
2023-06-20,603332,7.52,7.41,7.59,7.4,9944,10188795.0,2.52,-1.59,-0.12,0.6
2023-06-21,603332,7.42,7.36,7.5,7.36,7041,7188426.0,1.89,-0.67,-0.05,0.42
2023-06-26,603332,7.32,7.35,7.4,7.28,11582,11731732.0,1.63,-0.14,-0.01,0.7
2023-06-27,603332,7.32,7.59,7.6,7.32,13463,13934723.0,3.81,3.27,0.24,0.81
2023-06-28,603332,7.61,7.72,7.74,7.48,12559,13214315.0,3.43,1.71,0.13,0.75
2023-06-29,603332,7.75,7.78,7.85,7.65,12005,12844367.0,2.59,0.78,0.06,0.72
2023-06-30,603332,7.8,7.96,7.99,7.8,18323,19966422.0,2.44,2.31,0.18,1.1
2023-07-03,603332,7.88,7.98,8.07,7.88,20533,22569784.0,2.39,0.25,0.02,1.23
2023-07-04,603332,7.94,7.97,8.15,7.88,25855,21478459.0,3.38,-0.13,-0.01,1.2
2023-07-05,603332,7.97,7.95,8.06,7.94,23549,19698221.0,1.51,-0.25,-0.02,1.09
2023-07-06,603332,7.98,7.97,8.01,7.93,17828,14864121.0,1.01,0.25,0.02,0.82
2023-07-07,603332,7.88,7.98,8.01,7.88,12850,10721903.0,1.63,0.13,0.01,0.59
2023-07-10,603332,8.01,8.02,8.06,7.95,15267,12795509.0,1.38,0.5,0.04,0.71
2023-07-11,603332,8.07,8.13,8.15,8.0,16423,13887754.0,1.87,1.37,0.11,0.76
2023-07-12,603332,8.13,8.08,8.2,8.05,13513,11474179.0,1.85,-0.62,-0.05,0.62
2023-07-13,603332,8.1,8.21,8.24,8.03,23293,19873278.0,2.6,1.61,0.13,1.08
2023-07-14,603332,8.22,8.12,8.25,8.11,12405,10596922.0,1.71,-1.1,-0.09,0.57
2023-07-17,603332,8.2,8.28,8.3,8.04,25591,22010537.0,3.2,1.97,0.16,1.18
2023-07-18,603332,8.29,8.29,8.33,8.23,15872,13735008.0,1.21,0.12,0.01,0.73
2023-07-19,603332,8.32,8.32,8.34,8.25,12243,10633038.0,1.09,0.36,0.03,0.57
2023-07-20,603332,8.33,8.2,8.37,8.18,17037,14720695.0,2.28,-1.44,-0.12,0.79
2023-07-21,603332,8.24,8.31,8.33,8.17,16545,14329269.0,1.95,1.34,0.11,0.76
2023-07-24,603332,8.27,8.31,8.35,8.19,12156,10521979.0,1.93,0.0,0.0,0.56
2023-07-25,603332,8.36,8.38,8.4,8.21,17789,15541329.0,2.29,0.84,0.07,0.82
2023-07-26,603332,8.37,8.41,8.43,8.31,12195,10687031.0,1.43,0.36,0.03,0.56
2023-07-27,603332,8.38,8.41,8.5,8.38,16742,14777953.0,1.43,0.0,0.0,0.77
2023-07-28,603332,8.43,8.49,8.49,8.34,15138,13355986.0,1.78,0.95,0.08,0.7
2023-07-31,603332,8.49,8.52,8.56,8.45,18735,16609870.0,1.3,0.35,0.03,0.87
2023-08-01,603332,8.6,8.52,8.61,8.47,15050,13367687.0,1.64,0.0,0.0,0.7
2023-08-02,603332,8.5,8.47,8.51,8.41,18722,16516435.0,1.17,-0.59,-0.05,0.87
2023-08-03,603332,8.44,8.3,8.45,8.29,22617,19701477.0,1.89,-2.01,-0.17,1.05
2023-08-04,603332,8.29,8.0,8.32,8.0,48520,41058342.0,3.86,-3.61,-0.3,2.24
2023-08-07,603332,8.04,8.08,8.16,7.98,33340,28195301.0,2.25,1.0,0.08,1.54
2023-08-08,603332,8.02,8.11,8.16,8.02,17915,15170931.0,1.73,0.37,0.03,0.83
2023-08-09,603332,8.08,8.06,8.15,8.02,13379,11333187.0,1.6,-0.62,-0.05,0.62
2023-08-10,603332,8.09,8.08,8.11,8.03,8021,6764210.0,0.99,0.25,0.02,0.37
2023-08-11,603332,8.07,7.97,8.12,7.92,15968,13457937.0,2.48,-1.36,-0.11,0.74
2023-08-14,603332,7.98,8.06,8.08,7.89,13235,11044014.0,2.38,1.13,0.09,0.61
2023-08-15,603332,8.04,8.07,8.12,8.01,11878,10014678.0,1.36,0.12,0.01,0.55
2023-08-16,603332,8.06,7.96,8.07,7.95,9888,8272463.0,1.49,-1.36,-0.11,0.46
2023-08-17,603332,7.96,8.11,8.11,7.89,12351,10345267.0,2.76,1.88,0.15,0.57
2023-08-18,603332,8.13,8.17,8.35,8.11,22026,18934197.0,2.96,0.74,0.06,1.02
2023-08-21,603332,8.13,8.19,8.28,8.13,14063,12088999.0,1.84,0.24,0.02,0.65
2023-08-22,603332,8.19,8.06,8.24,7.92,17382,14636894.0,3.91,-1.59,-0.13,0.8
2023-08-23,603332,8.01,7.93,8.09,7.93,11793,9870118.0,1.99,-1.61,-0.13,0.55
2023-08-24,603332,7.93,7.74,8.06,7.63,27707,22771488.0,5.42,-2.4,-0.19,1.28
2023-08-25,603332,7.74,7.7,7.97,7.68,17767,14516640.0,3.75,-0.52,-0.04,0.82
2023-08-28,603332,8.03,7.82,8.07,7.8,28223,23503613.0,3.51,1.56,0.12,1.3
2023-08-29,603332,7.79,8.1,8.1,7.73,25248,21130023.0,4.73,3.58,0.28,1.17
2023-08-30,603332,8.1,8.26,8.3,8.1,21471,18495332.0,2.47,1.98,0.16,0.99
2023-08-31,603332,8.26,8.27,8.34,8.2,18992,16398514.0,1.69,0.12,0.01,0.88
2023-09-01,603332,8.29,8.39,8.41,8.17,22256,19421856.0,2.9,1.45,0.12,1.03
2023-09-04,603332,8.39,8.53,8.53,8.29,30578,27000314.0,2.86,1.67,0.14,1.41
2023-09-05,603332,8.53,8.58,8.61,8.48,27091,24189634.0,1.52,0.59,0.05,1.25
2023-09-06,603332,8.55,8.69,8.7,8.49,28187,25427797.0,2.45,1.28,0.11,1.3
2023-09-07,603332,8.71,8.56,8.74,8.54,22359,20110155.0,2.3,-1.5,-0.13,1.03
2023-09-08,603332,8.58,8.61,8.69,8.51,26577,23858078.0,2.1,0.58,0.05,1.23
2023-09-11,603332,8.68,8.53,8.68,8.5,21938,19622224.0,2.09,-0.93,-0.08,1.01
2023-09-12,603332,8.56,8.49,8.59,8.43,21245,18809860.0,1.88,-0.47,-0.04,0.98
2023-09-13,603332,8.44,8.41,8.54,8.35,14278,12577161.0,2.24,-0.94,-0.08,0.66
2023-09-14,603332,8.44,8.39,8.45,8.34,19129,16776464.0,1.31,-0.24,-0.02,0.88
2023-09-15,603332,8.45,8.35,8.45,8.31,17289,15102023.0,1.67,-0.48,-0.04,0.8
2023-09-18,603332,8.37,8.54,8.54,8.26,18254,16118784.0,3.35,2.28,0.19,0.84
2023-09-19,603332,8.57,8.37,8.57,8.36,12449,10935793.0,2.46,-1.99,-0.17,0.58
2023-09-20,603332,8.36,8.36,8.46,8.33,13440,11774425.0,1.55,-0.12,-0.01,0.62
2023-09-21,603332,8.39,8.38,8.43,8.31,11813,10327733.0,1.44,0.24,0.02,0.55
2023-09-22,603332,8.41,8.45,8.49,8.32,16779,14751442.0,2.03,0.84,0.07,0.78
2023-09-25,603332,8.49,8.37,8.49,8.3,18718,16338176.0,2.25,-0.95,-0.08,0.87
2023-09-26,603332,8.36,8.29,8.37,8.23,11461,9910700.0,1.67,-0.96,-0.08,0.53
2023-09-27,603332,8.25,8.29,8.46,8.2,18443,16077597.0,3.14,0.0,0.0,0.85
2023-09-28,603332,8.37,8.43,8.47,8.29,15721,13800037.0,2.17,1.69,0.14,0.73
2023-10-09,603332,8.41,8.42,8.57,8.35,19708,17364157.0,2.61,-0.12,-0.01,0.91
2023-10-10,603332,8.45,8.32,8.54,8.28,14057,12305231.0,3.09,-1.19,-0.1,0.65
2023-10-11,603332,8.37,8.19,8.37,8.12,26209,22434161.0,3.0,-1.56,-0.13,1.21
2023-10-12,603332,8.26,8.34,8.37,8.11,19054,16455304.0,3.17,1.83,0.15,0.88
2023-10-13,603332,8.33,8.16,8.34,8.12,14949,12769821.0,2.64,-2.16,-0.18,0.69
2023-10-16,603332,8.15,8.22,8.28,8.11,14339,12267399.0,2.08,0.74,0.06,0.66
2023-10-17,603332,8.27,8.26,8.37,8.17,14719,12705300.0,2.43,0.49,0.04,0.68
2023-10-18,603332,8.2,8.1,8.3,8.09,14959,12711083.0,2.54,-1.94,-0.16,0.69
2023-10-19,603332,8.13,8.17,8.36,8.02,22050,18962457.0,4.2,0.86,0.07,1.02
2023-10-20,603332,8.14,8.4,8.43,8.13,29503,25564155.0,3.67,2.82,0.23,1.36
2023-10-23,603332,8.35,7.87,8.39,7.81,72242,60328064.0,6.9,-6.31,-0.53,3.34
2023-10-24,603332,7.92,8.27,8.31,7.88,79192,67614546.0,5.46,5.08,0.4,3.66
2023-10-25,603332,8.33,8.47,8.51,8.28,51203,45077202.0,2.78,2.42,0.2,2.37
2023-10-26,603332,8.47,8.4,8.53,8.33,40659,35683290.0,2.36,-0.83,-0.07,1.88
2023-10-27,603332,8.33,8.75,8.86,8.33,56612,51183605.0,6.31,4.17,0.35,2.62
2023-10-30,603332,9.05,9.66,9.66,8.93,104551,102911672.0,8.34,10.4,0.91,4.83
2023-10-31,603332,10.66,9.23,10.66,9.12,278192,279535757.0,15.94,-4.45,-0.43,12.86
2023-11-01,603332,9.15,9.42,9.58,9.15,191833,187193505.0,4.66,2.06,0.19,8.87
2023-11-02,603332,9.26,9.41,9.8,9.17,139767,137159740.0,6.69,-0.11,-0.01,6.46
2023-11-03,603332,9.38,9.39,9.58,9.28,102305,100306983.0,3.19,-0.21,-0.02,4.73
2023-11-06,603332,9.48,9.79,9.86,9.41,134423,134895062.0,4.79,4.26,0.4,6.21
2023-11-07,603332,9.84,10.11,10.25,9.68,146655,151975172.0,5.82,3.27,0.32,6.78
2023-11-08,603332,10.11,9.76,10.11,9.71,124582,127115879.0,3.96,-3.46,-0.35,5.76
2023-11-09,603332,9.73,9.44,9.86,9.39,116758,116228934.0,4.82,-3.28,-0.32,5.4
2023-11-10,603332,9.41,9.62,9.7,9.38,85189,84818439.0,3.39,1.91,0.18,3.94
2023-11-13,603332,9.62,9.61,9.74,9.5,52970,52736237.0,2.49,-0.1,-0.01,2.45
2023-11-14,603332,9.61,9.85,9.98,9.6,68295,69702524.0,3.95,2.5,0.24,3.16
2023-11-15,603332,9.88,9.81,10.03,9.71,51744,52614265.0,3.25,-0.41,-0.04,2.39
2023-11-16,603332,9.88,9.84,10.02,9.76,58378,59864474.0,2.65,0.31,0.03,2.7
2023-11-17,603332,9.83,9.84,9.9,9.77,30303,30967111.0,1.32,0.0,0.0,1.4
2023-11-20,603332,9.84,9.9,9.93,9.74,51917,52972476.0,1.93,0.61,0.06,2.4
2023-11-21,603332,9.92,9.87,10.0,9.81,49922,51351143.0,1.92,-0.3,-0.03,2.31
2023-11-22,603332,9.86,9.77,9.98,9.77,32942,33632814.0,2.13,-1.01,-0.1,1.52
2023-11-23,603332,9.68,9.84,9.92,9.66,33899,34636893.0,2.66,0.72,0.07,1.57
2023-11-24,603332,9.84,9.78,9.88,9.72,24888,25258866.0,1.63,-0.61,-0.06,1.15
2023-11-27,603332,9.73,10.05,10.18,9.66,71123,73731421.0,5.32,2.76,0.27,3.29
2023-11-28,603332,10.13,10.11,10.31,9.99,56730,59718938.0,3.18,0.6,0.06,2.62
2023-11-29,603332,10.11,9.97,10.22,9.89,38878,40207602.0,3.26,-1.38,-0.14,1.8
2023-11-30,603332,9.96,9.88,10.06,9.76,27132,27772305.0,3.01,-0.9,-0.09,1.25
2023-12-01,603332,9.9,9.83,9.97,9.78,28978,29668342.0,1.92,-0.51,-0.05,1.34
2023-12-04,603332,9.81,9.88,9.99,9.8,34851,35798331.0,1.93,0.51,0.05,1.61
2023-12-05,603332,9.73,9.69,9.9,9.69,25880,26262602.0,2.13,-1.92,-0.19,1.2
2023-12-06,603332,9.69,9.78,9.88,9.66,29688,30156393.0,2.27,0.93,0.09,1.37
2023-12-07,603332,9.75,9.7,9.81,9.62,26335,26478976.0,1.94,-0.82,-0.08,1.22
2023-12-08,603332,9.69,9.39,9.74,9.34,41082,40648670.0,4.12,-3.2,-0.31,1.9
2023-12-11,603332,9.34,9.56,9.65,9.33,38908,38506705.0,3.41,1.81,0.17,1.8
2023-12-12,603332,9.63,9.77,9.85,9.61,32321,32711559.0,2.51,2.2,0.21,1.49
2023-12-13,603332,9.79,9.65,9.87,9.59,23597,23710307.0,2.87,-1.23,-0.12,1.09
2023-12-14,603332,9.65,9.61,9.76,9.57,20750,20763809.0,1.97,-0.41,-0.04,0.96
2023-12-15,603332,9.62,9.65,9.69,9.59,28333,28360242.0,1.04,0.42,0.04,1.31
2023-12-18,603332,9.72,9.52,9.72,9.44,20149,20007129.0,2.9,-1.35,-0.13,0.93
2023-12-19,603332,9.61,9.56,9.69,9.39,19824,19542875.0,3.15,0.42,0.04,0.92
2023-12-20,603332,9.57,9.5,9.68,9.48,21491,21308578.0,2.09,-0.63,-0.06,0.99
2023-12-21,603332,9.47,10.02,10.09,9.3,99373,100866553.0,8.32,5.47,0.52,4.59
2023-12-22,603332,10.09,11.06,11.06,9.75,155022,173150504.0,13.07,10.38,1.04,7.17
2023-12-25,603332,12.07,12.2,12.2,11.03,282874,341043816.0,10.58,10.31,1.14,13.08
2023-12-26,603332,12.01,11.68,13.46,11.51,502527,648934807.0,15.98,-4.26,-0.52,23.23
2023-12-27,603332,10.49,12.09,12.52,10.49,420837,485013402.0,17.38,3.51,0.41,19.45
2023-12-28,603332,11.5,11.2,11.83,10.84,342272,393741010.0,8.19,-7.36,-0.89,15.82
2023-12-29,603332,10.98,11.09,11.28,10.53,232917,264709957.0,6.7,-0.98,-0.11,10.77
2024-01-02,603332,11.11,12.24,12.24,11.02,255122,309991976.0,11.0,10.37,1.15,11.79
2024-01-03,603332,13.07,13.5,13.5,12.93,115423,158144183.0,4.66,10.29,1.26,5.34
2024-01-04,603332,13.88,12.11,14.43,12.11,462164,615854534.0,17.19,-10.3,-1.39,21.36
2024-01-05,603332,11.11,11.46,11.79,11.1,300681,354713942.0,5.7,-5.37,-0.65,13.9
2024-01-08,603332,11.35,10.39,11.4,10.39,238706,263795862.0,8.81,-9.34,-1.07,11.03
2024-01-09,603332,10.45,11.47,11.47,10.45,167607,192551315.0,9.82,10.39,1.08,7.75
2024-01-10,603332,11.23,10.98,11.71,10.96,230952,266852081.0,6.54,-4.27,-0.49,10.68
2024-01-11,603332,10.99,11.06,11.15,10.82,145323,165052435.0,3.01,0.73,0.08,6.72
2024-01-12,603332,11.0,10.59,11.0,10.54,130488,144289737.0,4.16,-4.25,-0.47,6.03
2024-01-15,603332,10.45,10.79,11.38,10.45,123446,138474767.0,8.78,1.89,0.2,5.71
2024-01-16,603332,10.74,10.4,10.83,10.19,131525,141639787.0,5.93,-3.61,-0.39,6.08
2024-01-17,603332,10.39,10.2,10.63,10.19,94037,101381231.0,4.23,-1.92,-0.2,4.35
2024-01-18,603332,10.16,9.96,10.33,9.63,129860,133518461.0,6.86,-2.35,-0.24,6.0
2024-01-19,603332,9.97,9.88,10.2,9.84,81519,84327521.0,3.61,-0.8,-0.08,3.77
2024-01-22,603332,9.88,9.14,9.98,9.09,86888,85707157.0,9.01,-7.49,-0.74,4.02
2024-01-23,603332,9.07,9.07,9.27,8.97,74319,70148564.0,3.28,-0.77,-0.07,3.44
2024-01-24,603332,9.07,9.11,9.35,8.72,76839,72135482.0,6.95,0.44,0.04,3.55
2024-01-25,603332,9.12,9.45,9.52,9.1,63385,61432299.0,4.61,3.73,0.34,2.93
2024-01-26,603332,9.45,9.59,9.79,9.38,58551,58519581.0,4.34,1.48,0.14,2.71
2024-01-29,603332,9.64,9.22,9.64,9.2,53804,52283024.0,4.59,-3.86,-0.37,2.49
2024-01-30,603332,9.12,8.84,9.29,8.78,52563,49170087.0,5.53,-4.12,-0.38,2.43
2024-01-31,603332,9.08,8.29,9.08,8.28,61758,55238230.0,9.05,-6.22,-0.55,2.85
2024-02-01,603332,8.27,8.07,8.67,7.93,80319,68516157.0,8.93,-2.65,-0.22,3.71
2024-02-02,603332,8.21,7.53,8.29,7.24,68759,55774165.0,13.01,-6.69,-0.54,3.18
2024-02-05,603332,7.36,6.74,7.37,6.74,44893,32310722.0,8.37,-10.49,-0.79,2.08
2024-02-06,603332,6.03,6.1,6.42,6.03,136931,88569658.0,5.79,-9.5,-0.64,6.33
2024-02-07,603332,6.16,5.45,6.19,5.45,162845,96035194.0,12.13,-10.66,-0.65,7.53
2024-02-08,603332,5.24,5.68,5.76,4.87,193792,109079761.0,16.33,4.22,0.23,8.96
2024-02-19,603332,5.7,6.22,6.22,5.7,147922,94654546.0,9.15,9.51,0.54,6.84
2024-02-20,603332,6.22,6.25,6.35,5.97,90706,59841086.0,6.11,0.48,0.03,4.19
2024-02-21,603332,6.2,6.5,6.76,6.13,103979,71893563.0,10.08,4.0,0.25,4.81
2024-02-22,603332,6.61,6.83,6.84,6.42,80383,56722287.0,6.46,5.08,0.33,3.72
2024-02-23,603332,6.92,7.13,7.19,6.76,87471,64401924.0,6.3,4.39,0.3,4.04
2024-02-26,603332,7.13,7.32,7.68,7.07,120940,93263011.0,8.56,2.66,0.19,5.59
2024-02-27,603332,7.32,7.7,7.7,7.19,74082,58648315.0,6.97,5.19,0.38,3.42
2024-02-28,603332,7.7,6.89,8.04,6.89,136341,107041419.0,14.94,-10.52,-0.81,6.3
2024-02-29,603332,6.64,7.05,7.12,6.64,101710,74559034.0,6.97,2.32,0.16,4.7
2024-03-01,603332,7.12,7.1,7.24,7.01,71401,53365804.0,3.26,0.71,0.05,3.3
2024-03-04,603332,7.1,7.02,7.22,6.88,60073,44361261.0,4.79,-1.13,-0.08,2.78
2024-03-05,603332,7.03,6.84,7.16,6.8,52108,38082892.0,5.13,-2.56,-0.18,2.41
2024-03-06,603332,6.83,7.02,7.09,6.83,49148,36009672.0,3.8,2.63,0.18,2.27
2024-03-07,603332,7.11,7.76,7.76,7.05,89249,71145956.0,10.11,10.54,0.74,4.13
2024-03-08,603332,7.62,7.44,7.65,7.23,201106,156233818.0,5.41,-4.12,-0.32,9.3
2024-03-11,603332,7.33,7.38,7.38,7.18,117892,90468276.0,2.69,-0.81,-0.06,5.45
2024-03-12,603332,7.38,7.43,7.46,7.15,118103,90698562.0,4.2,0.68,0.05,5.46
2024-03-13,603332,7.42,7.35,7.44,7.25,85853,66208137.0,2.56,-1.08,-0.08,3.97
2024-03-14,603332,7.32,7.31,7.41,7.17,64726,49771386.0,3.27,-0.54,-0.04,2.99
2024-03-15,603332,7.29,7.55,7.57,7.23,103268,80780140.0,4.65,3.28,0.24,4.77
2024-03-18,603332,7.56,7.74,7.74,7.5,85694,68795785.0,3.18,2.52,0.19,3.96
2024-03-19,603332,7.72,7.92,7.95,7.69,91808,75219531.0,3.36,2.33,0.18,4.24
2024-03-20,603332,7.93,8.01,8.04,7.77,77732,64637723.0,3.41,1.14,0.09,3.59
2024-03-21,603332,8.04,8.03,8.2,7.84,79668,66715569.0,4.49,0.25,0.02,3.68
2024-03-22,603332,8.01,7.98,8.15,7.91,76478,64208621.0,2.99,-0.62,-0.05,3.53
2024-03-25,603332,7.93,7.7,8.01,7.63,64681,53170337.0,4.76,-3.51,-0.28,2.99
2024-03-26,603332,7.71,7.73,7.84,7.55,51016,41187285.0,3.77,0.39,0.03,2.36
2024-03-27,603332,7.78,7.45,7.79,7.43,56468,45119393.0,4.66,-3.62,-0.28,2.61
2024-03-28,603332,7.46,7.69,7.78,7.45,54717,44008785.0,4.43,3.22,0.24,2.53
2024-03-29,603332,7.73,7.97,8.0,7.68,70310,58091037.0,4.16,3.64,0.28,3.25
2024-04-01,603332,7.98,8.18,8.18,7.93,62169,52519694.0,3.14,2.63,0.21,2.87
2024-04-02,603332,8.15,8.28,8.31,8.1,69588,59759341.0,2.57,1.22,0.1,3.22
2024-04-03,603332,8.24,8.4,8.41,8.01,72251,62025399.0,4.83,1.45,0.12,3.34
2024-04-08,603332,8.46,8.08,9.28,8.08,188679,169403465.0,14.29,-3.81,-0.32,8.72
2024-04-09,603332,7.99,8.41,8.93,7.99,159781,140651372.0,11.63,4.08,0.33,7.39
2024-04-10,603332,8.23,8.85,9.12,8.18,194281,172866461.0,11.18,5.23,0.44,8.98
2024-04-11,603332,8.43,8.51,8.73,8.23,135222,120340271.0,5.65,-3.84,-0.34,6.25
2024-04-12,603332,8.5,8.16,8.55,8.1,97638,84144242.0,5.29,-4.11,-0.35,4.51
2024-04-15,603332,8.12,7.31,8.13,7.31,104428,81750156.0,10.05,-10.42,-0.85,4.83
2024-04-16,603332,6.85,6.54,6.96,6.54,30217,21043230.0,5.75,-10.53,-0.77,1.4
2024-04-17,603332,6.01,6.8,6.96,6.01,113041,80268345.0,14.53,3.98,0.26,5.22
2024-04-18,603332,6.8,6.9,7.11,6.74,94349,68519105.0,5.44,1.47,0.1,4.36
2024-04-19,603332,6.86,6.8,7.02,6.65,60682,43605528.0,5.36,-1.45,-0.1,2.8
2024-04-22,603332,6.82,6.6,6.93,6.54,61606,43358255.0,5.74,-2.94,-0.2,2.85
2024-04-23,603332,6.5,6.76,6.82,6.5,45204,32118917.0,4.85,2.42,0.16,2.09
2024-04-24,603332,6.79,6.81,6.97,6.77,49978,36224467.0,2.96,0.74,0.05,2.31
2024-04-25,603332,6.81,7.15,7.16,6.81,69020,51095174.0,5.14,4.99,0.34,3.19
2024-04-26,603332,7.45,7.16,7.52,7.03,78431,59218786.0,6.85,0.14,0.01,3.63
2024-04-29,603332,7.15,7.54,7.61,7.14,72034,56024421.0,6.56,5.31,0.38,3.33
2024-04-30,603332,7.59,7.6,7.74,7.43,59184,46998410.0,4.11,0.8,0.06,2.74
2024-05-06,603332,7.85,7.97,8.02,7.64,72492,59663803.0,5.0,4.87,0.37,3.35
2024-05-07,603332,7.9,8.0,8.02,7.87,55307,45934301.0,1.88,0.38,0.03,2.56
2024-05-08,603332,8.0,8.07,8.25,7.9,84412,71109675.0,4.38,0.88,0.07,3.9
2024-05-09,603332,7.99,8.19,8.4,7.98,106722,90523936.0,5.2,1.49,0.12,4.93
2024-05-10,603332,8.1,7.87,8.17,7.81,87512,72748141.0,4.4,-3.91,-0.32,4.04
2024-05-13,603332,7.81,7.6,7.87,7.55,66267,53223022.0,4.07,-3.43,-0.27,3.06
2024-05-14,603332,7.6,7.8,7.86,7.59,49038,39965484.0,3.55,2.63,0.2,2.27
2024-05-15,603332,7.89,8.62,8.62,7.68,122644,107228484.0,12.05,10.51,0.82,5.67
2024-05-16,603332,9.13,8.58,9.52,8.35,394119,374778988.0,13.57,-0.46,-0.04,18.22
2024-05-17,603332,8.21,9.48,9.48,8.21,308689,287474087.0,14.8,10.49,0.9,14.27
2024-05-20,603332,9.54,9.25,10.11,8.98,422189,419857059.0,11.92,-2.43,-0.23,19.51
2024-05-21,603332,8.83,9.67,9.93,8.83,301990,294185360.0,11.89,4.54,0.42,13.96
2024-05-22,603332,9.19,9.09,9.33,8.68,206168,194282634.0,6.72,-6.0,-0.58,9.53
2024-05-23,603332,8.92,8.71,9.03,8.63,151005,138657896.0,4.4,-4.18,-0.38,6.98
2024-05-24,603332,8.64,8.36,8.71,8.29,119613,104699354.0,4.82,-4.02,-0.35,5.53
2024-05-27,603332,8.28,8.27,8.43,8.03,93045,79633577.0,4.78,-1.08,-0.09,4.3
2024-05-28,603332,8.32,8.81,8.89,8.12,190177,170395862.0,9.31,6.53,0.54,8.79
2024-05-29,603332,8.64,8.89,9.04,8.56,152424,139497382.0,5.45,0.91,0.08,7.05
2024-05-30,603332,8.79,8.27,8.79,8.13,129841,114428588.0,7.42,-6.97,-0.62,6.0
2024-05-31,603332,8.13,8.09,8.31,7.88,95898,80995491.0,5.2,-2.18,-0.18,4.43
2024-06-03,603332,8.09,7.72,8.32,7.58,101481,83383113.0,9.15,-4.57,-0.37,4.69
2024-06-04,603332,7.68,7.53,7.68,7.23,80378,63021350.0,5.83,-2.46,-0.19,3.72
2024-06-05,603332,7.53,7.2,7.54,7.2,63636,48947441.0,4.52,-4.38,-0.33,2.94
2024-06-06,603332,7.22,6.89,7.35,6.79,89806,66247876.0,7.78,-4.31,-0.31,4.15
2024-06-07,603332,7.03,7.21,7.28,7.01,78888,59418680.0,3.92,4.64,0.32,3.65
2024-06-11,603332,7.26,7.19,7.27,7.03,49496,37195906.0,3.33,-0.28,-0.02,2.29
2024-06-12,603332,7.14,7.47,7.52,7.14,57830,44919495.0,5.29,3.89,0.28,2.67
2024-06-13,603332,7.46,7.39,7.56,7.36,45343,35354662.0,2.68,-1.07,-0.08,2.1
2024-06-14,603332,7.37,7.34,7.41,7.25,32918,25301448.0,2.17,-0.68,-0.05,1.52
2024-06-17,603332,7.3,7.14,7.33,7.11,44777,33794829.0,3.0,-2.72,-0.2,2.07
2024-06-18,603332,7.23,7.31,7.34,7.1,43733,33362997.0,3.36,2.38,0.17,2.02
2024-06-19,603332,7.31,7.41,7.5,7.28,55066,42819544.0,3.01,1.37,0.1,2.55
2024-06-20,603332,7.38,7.12,7.45,7.11,48676,37015674.0,4.59,-3.91,-0.29,2.25
2024-06-21,603332,7.11,7.19,7.3,6.96,34408,26017636.0,4.78,0.98,0.07,1.59
2024-06-24,603332,7.13,6.8,7.17,6.79,44712,32557983.0,5.29,-5.42,-0.39,2.07
2024-06-25,603332,6.78,6.97,7.1,6.78,45210,33239126.0,4.71,2.5,0.17,2.09
2024-06-26,603332,7.0,7.18,7.21,6.88,30789,22363782.0,4.73,3.01,0.21,1.42
2024-06-27,603332,7.17,7.06,7.3,7.03,37086,27393111.0,3.76,-1.67,-0.12,1.71
2024-06-28,603332,7.06,7.15,7.28,7.02,33333,24681171.0,3.68,1.27,0.09,1.54
2024-07-01,603332,7.11,7.41,7.62,7.11,63087,47763569.0,7.13,3.64,0.26,2.92
2024-07-02,603332,7.38,7.33,7.41,7.27,45818,34640946.0,1.89,-1.08,-0.08,2.12
2024-07-03,603332,7.29,7.25,7.38,7.22,28114,21072686.0,2.18,-1.09,-0.08,1.3
2024-07-04,603332,7.22,6.99,7.29,6.94,38207,27762878.0,4.83,-3.59,-0.26,1.77
2024-07-05,603332,6.98,7.07,7.09,6.86,31941,23059950.0,3.29,1.14,0.08,1.48
2024-07-08,603332,7.06,6.84,7.07,6.79,28672,20359052.0,3.96,-3.25,-0.23,1.33
2024-07-09,603332,6.86,6.97,7.0,6.61,38628,27188349.0,5.7,1.9,0.13,1.79
2024-07-10,603332,6.95,6.94,6.96,6.81,28120,20035392.0,2.15,-0.43,-0.03,1.3
2024-07-11,603332,7.15,7.3,7.37,7.04,59412,44175800.0,4.76,5.19,0.36,2.75
2024-07-12,603332,7.34,7.39,7.6,7.33,72321,55605967.0,3.7,1.23,0.09,3.34
2024-07-15,603332,7.42,7.23,7.48,7.17,43719,32620328.0,4.19,-2.17,-0.16,2.02
2024-07-16,603332,7.28,7.26,7.29,7.17,33192,24762280.0,1.66,0.41,0.03,1.53
2024-07-17,603332,7.26,7.07,7.32,7.06,27980,20636031.0,3.58,-2.62,-0.19,1.29
2024-07-18,603332,7.0,7.01,7.05,6.86,24722,17739864.0,2.69,-0.85,-0.06,1.14
2024-07-19,603332,6.96,7.26,7.26,6.91,53045,39017743.0,4.99,3.57,0.25,2.45
2024-07-22,603332,7.2,7.1,7.23,7.0,39892,29121030.0,3.17,-2.2,-0.16,1.84
2024-07-23,603332,7.1,7.08,7.26,7.05,40397,29794297.0,2.96,-0.28,-0.02,1.87
2024-07-24,603332,7.03,6.87,7.07,6.85,34463,24648178.0,3.11,-2.97,-0.21,1.59
2024-07-25,603332,6.87,6.96,7.06,6.8,27684,19790842.0,3.78,1.31,0.09,1.28
2024-07-26,603332,7.0,7.08,7.1,6.95,23111,16826465.0,2.16,1.72,0.12,1.07
2024-07-29,603332,7.11,7.21,7.25,7.0,35008,25801842.0,3.53,1.84,0.13,1.62
2024-07-30,603332,7.16,7.21,7.31,7.1,30639,22788811.0,2.91,0.0,0.0,1.42
2024-07-31,603332,7.3,7.37,7.4,7.21,43022,32450484.0,2.64,2.22,0.16,1.99
2024-08-01,603332,7.38,7.38,7.44,7.35,37996,28892077.0,1.22,0.14,0.01,1.76
2024-08-02,603332,7.38,7.27,7.41,7.26,30346,22964831.0,2.03,-1.49,-0.11,1.4
2024-08-05,603332,7.29,7.05,7.34,7.04,32368,23973743.0,4.13,-3.03,-0.22,1.5
2024-08-06,603332,7.12,7.13,7.23,7.06,22940,16828895.0,2.41,1.13,0.08,1.06
2024-08-07,603332,7.14,7.17,7.21,7.05,24088,17770589.0,2.24,0.56,0.04,1.11
2024-08-08,603332,7.17,7.23,7.3,7.0,32818,24245150.0,4.18,0.84,0.06,1.52
2024-08-09,603332,7.18,7.11,7.27,7.11,21020,15542932.0,2.21,-1.66,-0.12,0.97
2024-08-12,603332,7.11,7.07,7.13,7.0,21779,15847073.0,1.83,-0.56,-0.04,1.01
2024-08-13,603332,7.07,7.12,7.14,6.95,22203,16159136.0,2.69,0.71,0.05,1.03
2024-08-14,603332,7.09,7.06,7.18,7.03,21620,15840440.0,2.11,-0.84,-0.06,1.0
2024-08-15,603332,7.02,7.11,7.17,6.95,24745,18076560.0,3.12,0.71,0.05,1.14
2024-08-16,603332,7.13,7.0,7.15,6.99,20199,14705983.0,2.25,-1.55,-0.11,0.93
2024-08-19,603332,7.0,6.93,7.07,6.91,26147,18796021.0,2.29,-1.0,-0.07,1.21
2024-08-20,603332,6.94,6.8,6.99,6.74,31194,22018766.0,3.61,-1.88,-0.13,1.44
2024-08-21,603332,6.78,6.82,6.86,6.74,17875,12590230.0,1.76,0.29,0.02,0.83
2024-08-22,603332,6.89,6.74,6.89,6.73,20682,14503874.0,2.35,-1.17,-0.08,0.96
2024-08-23,603332,6.76,6.66,6.78,6.57,24790,17057669.0,3.12,-1.19,-0.08,1.15
2024-08-26,603332,6.61,6.9,6.91,6.61,30210,21259415.0,4.5,3.6,0.24,1.4
2024-08-27,603332,6.86,6.76,6.92,6.71,21748,15237816.0,3.04,-2.03,-0.14,1.01
2024-08-28,603332,6.69,6.82,6.9,6.63,23637,16593725.0,3.99,0.89,0.06,1.09
2024-08-29,603332,6.77,6.92,6.93,6.72,21607,15300410.0,3.08,1.47,0.1,1.0
2024-08-30,603332,6.96,7.03,7.11,6.86,29543,21411646.0,3.61,1.59,0.11,1.37
2024-09-02,603332,7.02,6.89,7.08,6.88,33030,23803793.0,2.84,-1.99,-0.14,1.53
2024-09-03,603332,6.89,6.92,7.01,6.87,21691,15505460.0,2.03,0.44,0.03,1.0
2024-09-04,603332,6.91,6.84,6.94,6.8,19067,13519329.0,2.02,-1.16,-0.08,0.88
2024-09-05,603332,6.87,6.93,6.95,6.84,18749,13354025.0,1.61,1.32,0.09,0.87
2024-09-06,603332,6.93,6.79,6.99,6.78,20347,14355374.0,3.03,-2.02,-0.14,0.94
2024-09-09,603332,6.72,6.78,6.86,6.68,18291,12787772.0,2.65,-0.15,-0.01,0.85
2024-09-10,603332,6.76,6.81,6.84,6.68,18160,12664277.0,2.36,0.44,0.03,0.84
2024-09-11,603332,6.82,6.72,6.82,6.69,13745,9569948.0,1.91,-1.32,-0.09,0.64
2024-09-12,603332,6.74,6.79,6.86,6.71,31353,22061606.0,2.23,1.04,0.07,1.45
2024-09-13,603332,6.79,6.62,6.79,6.6,26852,18477372.0,2.8,-2.5,-0.17,1.24
2024-09-18,603332,6.58,6.47,6.64,6.33,30200,20114938.0,4.68,-2.27,-0.15,1.4
2024-09-19,603332,6.51,6.76,6.78,6.51,35627,24643062.0,4.17,4.48,0.29,1.65
2024-09-20,603332,6.77,6.68,6.85,6.66,20833,14452026.0,2.81,-1.18,-0.08,0.96
2024-09-23,603332,6.68,6.66,6.77,6.62,13866,9553643.0,2.25,-0.3,-0.02,0.64
2024-09-24,603332,6.69,6.87,6.88,6.68,32361,22686332.0,3.0,3.15,0.21,1.5
2024-09-25,603332,7.03,6.93,7.07,6.87,38321,27647515.0,2.91,0.87,0.06,1.77
2024-09-26,603332,6.87,7.08,7.08,6.86,31847,23008703.0,3.17,2.16,0.15,1.47
2024-09-27,603332,7.18,7.34,7.37,7.11,38272,28548820.0,3.67,3.67,0.26,1.77
2024-09-30,603332,7.58,7.95,8.05,7.37,103343,82252411.0,9.26,8.31,0.61,4.78
2024-10-08,603332,8.76,8.28,8.76,7.84,129724,109810190.0,11.57,4.15,0.33,6.0
2024-10-09,603332,8.13,7.49,8.13,7.49,80664,64713054.0,7.73,-9.54,-0.79,3.73
2024-10-10,603332,7.67,7.65,7.77,7.43,63656,49996015.0,4.54,2.14,0.16,2.94
2024-10-11,603332,7.58,7.34,7.67,7.25,52622,40240978.0,5.49,-4.05,-0.31,2.43
2024-10-14,603332,7.31,7.53,7.54,7.31,47279,36342029.0,3.13,2.59,0.19,2.19
2024-10-15,603332,7.52,7.43,7.58,7.4,35084,27080088.0,2.39,-1.33,-0.1,1.62
2024-10-16,603332,7.33,7.5,7.56,7.29,33667,25881052.0,3.63,0.94,0.07,1.56
2024-10-17,603332,7.49,7.37,7.63,7.36,40073,30833335.0,3.6,-1.73,-0.13,1.85
2024-10-18,603332,7.35,7.53,7.58,7.35,47814,36793993.0,3.12,2.17,0.16,2.21
2024-10-21,603332,7.54,7.51,7.59,7.44,56298,43547267.0,1.99,-0.27,-0.02,2.6
2024-10-22,603332,7.52,7.6,7.62,7.47,52096,40458286.0,2.0,1.2,0.09,2.41
2024-10-23,603332,7.59,7.63,7.75,7.56,60848,47902798.0,2.5,0.39,0.03,2.81
2024-10-24,603332,7.63,7.71,7.74,7.56,48585,38307726.0,2.36,1.05,0.08,2.25
2024-10-25,603332,7.7,7.99,8.13,7.7,81825,66579142.0,5.58,3.63,0.28,3.78
2024-10-28,603332,7.9,8.22,8.26,7.81,68844,57475806.0,5.63,2.88,0.23,3.18
2024-10-29,603332,8.51,8.26,8.78,8.2,109533,94848900.0,7.06,0.49,0.04,5.06
2024-10-30,603332,8.24,8.3,8.4,8.16,62010,52637951.0,2.91,0.48,0.04,2.87
2024-10-31,603332,8.21,8.42,8.52,8.21,65483,56350747.0,3.73,1.45,0.12,3.03
2024-11-01,603332,8.52,8.08,8.56,8.03,72238,61312742.0,6.29,-4.04,-0.34,3.34
2024-11-04,603332,8.14,8.08,8.18,7.98,54198,44923176.0,2.48,0.0,0.0,2.51
2024-11-05,603332,8.11,8.14,8.14,8.0,73860,61291688.0,1.73,0.74,0.06,3.41
2024-11-06,603332,8.13,8.05,8.16,8.0,58629,48676904.0,1.97,-1.11,-0.09,2.71
2024-11-07,603332,8.05,8.2,8.22,8.0,60778,50856325.0,2.73,1.86,0.15,2.81
2024-11-08,603332,8.27,8.26,8.37,8.14,77925,65979854.0,2.8,0.73,0.06,3.6
2024-11-11,603332,8.19,8.38,8.38,8.18,53261,45282768.0,2.42,1.45,0.12,2.46
2024-11-12,603332,8.39,8.32,8.54,8.24,76393,65739985.0,3.58,-0.72,-0.06,3.53
2024-11-13,603332,8.26,8.52,8.56,8.14,69345,59552837.0,5.05,2.4,0.2,3.21
2024-11-14,603332,8.54,8.3,8.67,8.24,74151,64182602.0,5.05,-2.58,-0.22,3.43
2024-11-15,603332,8.3,8.15,8.38,8.11,52455,44541147.0,3.25,-1.81,-0.15,2.42
2024-11-18,603332,8.19,7.96,8.3,7.89,61215,50637860.0,5.03,-2.33,-0.19,2.83
2024-11-19,603332,8.05,8.21,8.21,7.91,46490,38557674.0,3.77,3.14,0.25,2.15
2024-11-20,603332,8.17,8.45,8.49,8.17,55173,47475573.0,3.9,2.92,0.24,2.55
2024-11-21,603332,8.47,9.02,9.32,8.35,243902,224589968.0,11.48,6.75,0.57,11.27
2024-11-22,603332,8.73,8.47,9.08,8.44,191210,171163549.0,7.1,-6.1,-0.55,8.84
2024-11-25,603332,8.43,8.6,8.68,8.35,95723,83530769.0,3.9,1.53,0.13,4.42
2024-11-26,603332,8.6,9.48,9.48,8.51,212356,195994242.0,11.28,10.23,0.88,9.82
2024-11-27,603332,9.43,9.21,9.43,8.78,251553,234460373.0,6.86,-2.85,-0.27,11.63
2024-11-28,603332,9.08,9.47,9.86,9.08,246087,238521795.0,8.47,2.82,0.26,11.37
2024-11-29,603332,9.32,9.34,9.71,9.02,194108,184556416.0,7.29,-1.37,-0.13,8.97
2024-12-02,603332,9.14,9.21,9.32,9.1,155299,146021538.0,2.36,-1.39,-0.13,7.18
2024-12-03,603332,9.21,10.15,10.15,9.01,257834,259124369.0,12.38,10.21,0.94,11.92
2024-12-04,603332,9.77,9.98,10.94,9.63,379908,397080943.0,12.91,-1.67,-0.17,17.56
2024-12-05,603332,9.76,9.9,10.08,9.59,213729,213781892.0,4.91,-0.8,-0.08,9.88
2024-12-06,603332,9.79,9.61,9.82,9.44,167299,164323328.0,3.84,-2.93,-0.29,7.73
2024-12-09,603332,9.62,10.13,10.45,9.62,221907,226474103.0,8.64,5.41,0.52,10.26
2024-12-10,603332,10.2,10.59,11.17,9.88,283238,302321159.0,12.73,4.54,0.46,13.09
2024-12-11,603332,10.47,10.34,10.47,10.22,154641,162836046.0,2.36,-2.36,-0.25,7.15
2024-12-12,603332,10.34,10.58,10.63,10.18,151439,161806145.0,4.35,2.32,0.24,7.0
2024-12-13,603332,10.55,10.19,10.87,10.16,139397,149306118.0,6.71,-3.69,-0.39,6.44
2024-12-16,603332,10.19,9.68,10.26,9.63,140089,140629616.0,6.18,-5.0,-0.51,6.48
2024-12-17,603332,9.68,9.28,9.86,9.16,111928,108524065.0,7.23,-4.13,-0.4,5.17
2024-12-18,603332,9.33,9.12,9.44,8.93,73296,68827653.0,5.5,-1.72,-0.16,3.39
2024-12-19,603332,9.12,9.28,9.31,8.92,65910,62037314.0,4.28,1.75,0.16,3.05
2024-12-20,603332,9.2,9.28,9.35,9.18,60089,57129154.0,1.83,0.0,0.0,2.78
2024-12-23,603332,9.26,8.68,9.26,8.58,84606,77014453.0,7.33,-6.47,-0.6,3.91
2024-12-24,603332,8.79,8.68,8.85,8.49,57437,50932964.0,4.15,0.0,0.0,2.65
2024-12-25,603332,8.7,8.36,8.72,8.23,59023,50718105.0,5.65,-3.69,-0.32,2.73
2024-12-26,603332,8.36,8.49,8.56,8.31,43162,37587845.0,2.99,1.56,0.13,2.0
2024-12-27,603332,8.49,8.67,8.78,8.47,51834,46072734.0,3.65,2.12,0.18,2.4
2024-12-30,603332,8.56,8.5,8.67,8.35,38981,34034198.0,3.69,-1.96,-0.17,1.8
2024-12-31,603332,8.58,8.39,8.58,8.31,42578,36924894.0,3.18,-1.29,-0.11,1.97
2025-01-02,603332,8.38,8.25,8.55,8.15,40232,34495192.0,4.77,-1.67,-0.14,1.86
2025-01-03,603332,8.24,7.75,8.34,7.72,53099,43436350.0,7.52,-6.06,-0.5,2.45
2025-01-06,603332,7.81,7.95,8.14,7.48,62177,50459490.0,8.52,2.58,0.2,2.87
2025-01-07,603332,7.98,8.33,8.35,7.94,55330,46315527.0,5.16,4.78,0.38,2.56
2025-01-08,603332,8.26,8.22,8.39,7.98,46257,38841138.0,4.92,-1.32,-0.11,2.14
2025-01-09,603332,8.14,8.29,8.3,8.14,32880,27853633.0,1.95,0.85,0.07,1.52
2025-01-10,603332,8.3,7.94,8.38,7.94,32958,27458750.0,5.31,-4.22,-0.35,1.52
2025-01-13,603332,7.82,8.03,8.09,7.68,35968,29276378.0,5.16,1.13,0.09,1.66
2025-01-14,603332,8.07,8.43,8.46,8.07,44495,37792079.0,4.86,4.98,0.4,2.06
2025-01-15,603332,8.4,8.43,8.47,8.3,33437,28723274.0,2.02,0.0,0.0,1.55
2025-01-16,603332,8.43,8.48,8.58,8.36,36075,31372082.0,2.61,0.59,0.05,1.67
2025-01-17,603332,8.4,8.49,8.53,8.35,30046,26033261.0,2.12,0.12,0.01,1.39
2025-01-20,603332,8.55,8.69,8.71,8.41,43085,38125991.0,3.53,2.36,0.2,1.99
2025-01-21,603332,8.76,9.58,9.58,8.6,138681,130883044.0,11.28,10.24,0.89,6.41
2025-01-22,603332,9.49,9.42,9.88,9.18,223374,215501162.0,7.31,-1.67,-0.16,10.32
2025-01-23,603332,9.36,9.45,9.73,9.21,182601,177834644.0,5.52,0.32,0.03,8.44
2025-01-24,603332,9.26,9.24,9.47,9.0,118905,111679042.0,4.97,-2.22,-0.21,5.5
2025-01-27,603332,9.24,9.34,9.8,9.24,128914,125520749.0,6.06,1.08,0.1,5.96
2025-02-05,603332,9.34,9.35,9.52,9.27,95996,91953941.0,2.68,0.11,0.01,4.44
2025-02-06,603332,9.35,9.51,9.51,9.24,106012,101841243.0,2.89,1.71,0.16,4.9
2025-02-07,603332,9.51,9.48,9.56,9.33,118611,114935438.0,2.42,-0.32,-0.03,5.48
2025-02-10,603332,9.48,9.81,9.82,9.38,131229,128859675.0,4.64,3.48,0.33,6.07
2025-02-11,603332,9.63,9.58,9.68,9.5,83545,81750442.0,1.83,-2.34,-0.23,3.86
2025-02-12,603332,9.57,9.42,9.58,9.36,79472,76718597.0,2.3,-1.67,-0.16,3.67
2025-02-13,603332,9.44,9.27,9.46,9.26,63177,60468356.0,2.12,-1.59,-0.15,2.92
2025-02-14,603332,9.33,9.18,9.33,9.14,47895,45147381.0,2.05,-0.97,-0.09,2.21
2025-02-17,603332,9.22,9.3,9.32,9.17,41115,38944899.0,1.63,1.31,0.12,1.9
2025-02-18,603332,9.3,8.9,9.3,8.88,58550,54354759.0,4.52,-4.3,-0.4,2.71
2025-02-19,603332,8.98,9.0,9.01,8.89,35635,32766286.0,1.35,1.12,0.1,1.65
2025-02-20,603332,8.98,9.12,9.21,8.97,43409,40436512.0,2.67,1.33,0.12,2.01
2025-02-21,603332,9.2,8.98,9.2,8.95,43908,40482496.0,2.74,-1.54,-0.14,2.03
2025-02-24,603332,9.0,9.13,9.18,8.96,49339,45922021.0,2.45,1.67,0.15,2.28
2025-02-25,603332,9.09,9.04,9.19,9.01,41984,39114992.0,1.97,-0.99,-0.09,1.94
2025-02-26,603332,9.06,9.14,9.19,9.06,47925,44817655.0,1.44,1.11,0.1,2.22
2025-02-27,603332,9.19,9.23,9.35,9.05,81806,77144553.0,3.28,0.98,0.09,3.78
2025-02-28,603332,9.24,9.02,9.28,9.01,56366,52934493.0,2.93,-2.28,-0.21,2.61
2025-03-03,603332,9.02,8.98,9.27,8.92,47477,44317075.0,3.88,-0.44,-0.04,2.19
2025-03-04,603332,8.98,9.13,9.17,8.89,37011,34388739.0,3.12,1.67,0.15,1.71
2025-03-05,603332,9.14,9.06,9.18,8.88,49761,45772690.0,3.29,-0.77,-0.07,2.3
2025-03-06,603332,9.06,9.12,9.14,9.0,41535,38711408.0,1.55,0.66,0.06,1.92
2025-03-07,603332,9.11,9.27,9.66,9.05,96804,92950810.0,6.69,1.64,0.15,4.47
2025-03-10,603332,9.33,9.31,9.42,9.21,48081,45797130.0,2.27,0.43,0.04,2.22
2025-03-11,603332,9.28,9.37,9.37,9.15,44097,41853131.0,2.36,0.64,0.06,2.04
2025-03-12,603332,9.42,9.36,9.43,9.31,47382,45487053.0,1.28,-0.11,-0.01,2.19
2025-03-13,603332,9.43,9.24,9.43,9.09,45006,42451561.0,3.63,-1.28,-0.12,2.08
2025-03-14,603332,9.23,9.35,9.36,9.13,40964,38876541.0,2.49,1.19,0.11,1.89
2025-03-17,603332,9.45,9.37,9.45,9.36,50698,48763523.0,0.96,0.21,0.02,2.34
2025-03-18,603332,9.41,9.59,9.61,9.35,81858,79474632.0,2.77,2.35,0.22,3.78
2025-03-19,603332,9.55,9.53,9.69,9.49,63009,61756128.0,2.09,-0.63,-0.06,2.91
2025-03-20,603332,9.58,9.75,10.12,9.55,96033,96048437.0,5.98,2.31,0.22,4.44
2025-03-21,603332,9.69,9.47,9.77,9.43,66000,64377522.0,3.49,-2.87,-0.28,3.05
2025-03-24,603332,9.46,9.28,9.56,9.03,60515,57332561.0,5.6,-2.01,-0.19,2.8
2025-03-25,603332,9.2,9.72,9.84,9.18,128884,126798727.0,7.11,4.74,0.44,5.96
2025-03-26,603332,9.96,10.4,10.71,9.8,242294,261211126.0,9.36,7.0,0.68,11.2
2025-03-27,603332,9.98,10.31,10.93,9.96,357249,382563860.0,9.33,-0.87,-0.09,16.51
2025-03-28,603332,10.0,9.81,10.2,9.78,216381,219488017.0,4.07,-4.85,-0.5,10.0
2025-03-31,603332,9.73,9.35,9.75,9.0,168653,159827450.0,7.65,-4.69,-0.46,7.8
2025-04-01,603332,9.35,9.43,9.61,9.35,95969,93111977.0,2.78,0.86,0.08,4.44
2025-04-02,603332,9.48,9.36,9.58,9.28,58507,56483030.0,3.18,-0.74,-0.07,2.7
2025-04-03,603332,9.24,9.3,9.42,9.12,66746,63317270.0,3.21,-0.64,-0.06,3.09
2025-04-07,603332,8.5,8.35,8.71,8.35,47739,41166509.0,3.87,-10.22,-0.95,2.21
2025-04-08,603332,8.39,7.8,8.44,7.58,122248,99192744.0,10.3,-6.59,-0.55,5.65
2025-04-09,603332,7.66,8.19,8.33,7.15,117925,94518285.0,15.13,5.0,0.39,5.45
2025-04-10,603332,8.28,8.35,8.56,8.28,82545,71267868.0,3.42,1.95,0.16,3.82
2025-04-11,603332,8.3,8.41,8.58,8.23,53627,46482472.0,4.19,0.72,0.06,2.48
2025-04-14,603332,8.59,8.59,8.77,8.54,42070,37254481.0,2.73,2.14,0.18,1.94
2025-04-15,603332,8.65,8.73,8.77,8.55,43082,38198759.0,2.56,1.63,0.14,1.99
2025-04-16,603332,8.72,8.44,8.72,8.38,39060,34100943.0,3.89,-3.32,-0.29,1.81
2025-04-17,603332,8.44,8.6,8.67,8.39,40308,35506867.0,3.32,1.9,0.16,1.86
2025-04-18,603332,8.65,8.71,8.73,8.5,38193,33797154.0,2.67,1.28,0.11,1.77
2025-04-21,603332,8.73,8.94,8.96,8.6,44400,40237543.0,4.13,2.64,0.23,2.05
2025-04-22,603332,8.98,9.01,9.09,8.89,50950,46849529.0,2.24,0.78,0.07,2.36
2025-04-23,603332,9.04,9.16,9.27,8.96,51004,47593687.0,3.44,1.66,0.15,2.36
2025-04-24,603332,9.12,9.16,9.3,9.07,51509,48395734.0,2.51,0.0,0.0,2.38
2025-04-25,603332,9.17,9.06,9.19,9.04,38672,36050348.0,1.64,-1.09,-0.1,1.79
2025-04-28,603332,9.01,8.86,9.06,8.79,37930,34502781.0,2.98,-2.21,-0.2,1.75
2025-04-29,603332,8.87,9.06,9.17,8.82,52421,48700005.0,3.95,2.26,0.2,2.42
2025-04-30,603332,9.07,9.02,9.16,8.91,55076,50974846.0,2.76,-0.44,-0.04,2.55
2025-05-06,603332,9.07,9.31,9.33,9.07,44645,42188465.0,2.88,3.22,0.29,2.06
2025-05-07,603332,9.36,9.4,9.45,9.27,42484,40754210.0,1.93,0.97,0.09,1.96
2025-05-08,603332,9.41,9.58,9.66,9.31,54340,52925020.0,3.72,1.91,0.18,2.51
2025-05-09,603332,9.58,10.56,10.56,9.48,112385,119544790.0,11.27,10.23,0.98,5.19
2025-05-12,603332,11.64,11.64,11.64,11.64,19738,23409790.0,0.0,10.23,1.08,0.91
2025-05-13,603332,12.83,12.83,12.83,12.83,26820,34999656.0,0.0,10.22,1.19,1.24
2025-05-14,603332,14.14,14.14,14.14,13.61,457010,652460989.0,4.13,10.21,1.31,21.12
2025-05-15,603332,13.43,15.58,15.58,12.99,603779,887947865.0,18.32,10.18,1.44,27.91
2025-05-16,603332,14.94,14.47,16.28,14.19,609098,942246193.0,13.41,-7.12,-1.11,28.15
2025-05-19,603332,13.58,14.81,14.96,13.18,498664,721767040.0,12.3,2.35,0.34,23.05
2025-05-20,603332,14.13,16.31,16.31,13.31,562063,836989893.0,20.26,10.13,1.5,25.98
2025-05-21,603332,16.35,16.28,17.78,15.56,623926,1053668575.0,13.61,-0.18,-0.03,28.84
2025-05-22,603332,14.73,14.63,15.36,14.63,421286,632774541.0,4.48,-10.14,-1.65,19.47
2025-05-23,603332,13.88,16.12,16.12,13.71,385121,602474734.0,16.47,10.18,1.49,17.8
2025-05-26,603332,17.75,17.75,17.75,17.75,112248,201708973.0,0.0,10.11,1.63,5.19
2025-05-27,603332,18.55,19.55,19.55,18.3,425106,827573641.0,7.04,10.14,1.8,19.65
2025-05-28,603332,19.78,20.78,21.28,17.57,675118,1349841137.0,18.98,6.29,1.23,31.21
2025-05-29,603332,18.78,18.68,20.46,18.68,474438,926416674.0,8.57,-10.11,-2.1,21.93
2025-05-30,603332,16.89,16.79,17.68,16.79,275476,473403041.0,4.76,-10.12,-1.89,12.73
2025-06-03,603332,16.0,15.8,16.64,15.63,312393,508477289.0,6.02,-5.9,-0.99,14.44
2025-06-04,603332,15.81,16.76,17.32,15.48,410815,680985771.0,11.65,6.08,0.96,18.99
2025-06-05,603332,16.24,15.42,16.43,15.33,334620,534650319.0,6.56,-8.0,-1.34,15.47
2025-06-06,603332,15.41,14.65,15.48,14.54,269379,406181375.0,6.1,-4.99,-0.77,12.45
2025-06-09,603332,14.93,16.14,16.14,14.73,306893,487360186.0,9.62,10.17,1.49,14.19
2025-06-10,603332,17.13,17.78,17.78,16.68,388070,686309081.0,6.82,10.16,1.64,17.94
2025-06-11,603332,19.58,19.58,19.58,19.58,43189,85515012.0,0.0,10.12,1.8,2.0
2025-06-12,603332,20.99,19.35,21.54,19.19,643405,1314363186.0,12.0,-1.17,-0.23,29.74
2025-06-13,603332,18.22,17.42,18.38,17.42,376163,669068975.0,4.96,-9.97,-1.93,17.39
2025-06-16,603332,16.62,17.64,18.4,16.23,465985,799203644.0,12.46,1.26,0.22,21.54
2025-06-17,603332,17.15,16.67,17.99,16.51,351779,596831810.0,8.39,-5.5,-0.97,16.26
2025-06-18,603332,16.32,18.34,18.34,16.16,410327,715593422.0,13.08,10.02,1.67,18.97
2025-06-19,603332,19.27,18.65,19.96,18.02,542194,1032928731.0,10.58,1.69,0.31,25.06
2025-06-20,603332,18.55,16.79,18.6,16.79,269241,459744430.0,9.71,-9.97,-1.86,12.44
2025-06-23,603332,15.45,16.79,17.45,15.45,325716,538076565.0,11.91,0.0,0.0,15.06
2025-06-24,603332,16.66,16.36,17.19,16.29,300667,499883115.0,5.36,-2.56,-0.43,13.9
2025-06-25,603332,16.58,16.05,16.73,15.75,230854,369593440.0,5.99,-1.89,-0.31,10.67
2025-06-26,603332,16.01,16.26,17.16,15.69,305541,503849749.0,9.16,1.31,0.21,14.12
2025-06-27,603332,15.97,15.7,16.1,15.53,213086,335791267.0,3.51,-3.44,-0.56,9.85
2025-06-30,603332,15.76,16.16,16.29,15.56,194239,310366349.0,4.65,2.93,0.46,8.98
2025-07-01,603332,16.1,16.49,16.69,16.02,231468,379007703.0,4.15,2.04,0.33,10.7
2025-07-02,603332,16.46,15.83,16.62,15.83,183405,295054055.0,4.79,-4.0,-0.66,8.48
2025-07-03,603332,15.8,15.65,15.9,15.25,163040,252947206.0,4.11,-1.14,-0.18,7.54
2025-07-04,603332,15.75,15.24,15.76,15.15,128305,196033275.0,3.9,-2.62,-0.41,5.93
2025-07-07,603332,15.2,15.35,15.35,15.08,83699,127809750.0,1.77,0.72,0.11,3.87
2025-07-08,603332,15.36,15.26,15.4,15.15,81800,124582813.0,1.63,-0.59,-0.09,3.78
2025-07-09,603332,15.28,15.14,15.39,15.05,104253,158463971.0,2.23,-0.79,-0.12,4.82
2025-07-10,603332,15.1,14.9,15.15,14.85,83203,124080283.0,1.98,-1.59,-0.24,3.85
2025-07-11,603332,14.89,15.12,15.12,14.85,86602,129658464.0,1.81,1.48,0.22,4.0
2025-07-14,603332,15.04,15.11,15.2,14.96,62118,93624178.0,1.59,-0.07,-0.01,2.87
2025-07-15,603332,15.13,14.6,15.15,14.44,97674,143222991.0,4.7,-3.38,-0.51,4.51
2025-07-16,603332,14.7,14.88,15.08,14.62,94650,141137704.0,3.15,1.92,0.28,4.37
2025-07-17,603332,14.8,14.92,14.95,14.71,70990,105286260.0,1.61,0.27,0.04,3.28
2025-07-18,603332,15.03,14.95,15.03,14.82,55027,81987279.0,1.41,0.2,0.03,2.54
2025-07-21,603332,14.92,15.0,15.05,14.87,69715,104421073.0,1.2,0.33,0.05,3.22
2025-07-22,603332,14.99,14.76,14.99,14.6,77543,114203743.0,2.6,-1.6,-0.24,3.58
2025-07-23,603332,14.73,14.46,14.73,14.45,68016,98968890.0,1.9,-2.03,-0.3,3.14
2025-07-24,603332,14.41,14.58,14.59,14.37,52514,76288630.0,1.52,0.83,0.12,2.43
2025-07-25,603332,14.58,14.64,15.1,14.52,89179,131612808.0,3.98,0.41,0.06,4.12
2025-07-28,603332,14.72,14.73,14.75,14.53,57307,84134053.0,1.5,0.61,0.09,2.65
2025-07-29,603332,14.72,14.57,14.75,14.37,63350,91781497.0,2.58,-1.09,-0.16,2.93
2025-07-30,603332,14.55,14.65,15.3,14.46,120650,178728084.0,5.77,0.55,0.08,5.58
2025-07-31,603332,14.4,14.04,14.62,14.0,124667,176909205.0,4.23,-4.16,-0.61,5.76
2025-08-01,603332,14.1,13.9,14.12,13.9,55395,77383507.0,1.57,-1.0,-0.14,2.56
2025-08-04,603332,13.88,14.35,14.54,13.72,99040,140746233.0,5.9,3.24,0.45,4.58
2025-08-05,603332,14.47,14.47,14.59,14.25,76639,110603988.0,2.37,0.84,0.12,3.54
2025-08-06,603332,14.47,14.68,14.68,14.36,73312,106640827.0,2.21,1.45,0.21,3.39
2025-08-07,603332,14.67,14.55,14.78,14.48,63501,92652758.0,2.04,-0.89,-0.13,2.94
2025-08-08,603332,14.55,14.54,14.62,14.41,45166,65558366.0,1.44,-0.07,-0.01,2.09
2025-08-11,603332,14.5,14.61,14.68,14.45,49110,71704400.0,1.58,0.48,0.07,2.27
2025-08-12,603332,14.62,14.46,14.66,14.43,42974,62311296.0,1.57,-1.03,-0.15,1.99
2025-08-13,603332,14.53,14.35,14.53,14.3,57209,82216057.0,1.59,-0.76,-0.11,2.64
2025-08-14,603332,14.36,14.14,14.4,14.11,56147,80039913.0,2.02,-1.46,-0.21,2.6
2025-08-15,603332,14.12,14.22,14.27,14.09,38105,54117835.0,1.27,0.57,0.08,1.76
2025-08-18,603332,14.28,14.3,14.35,14.25,45951,65714448.0,0.7,0.56,0.08,2.12
2025-08-19,603332,14.34,14.39,14.41,14.16,59883,85821069.0,1.75,0.63,0.09,2.77
2025-08-20,603332,14.4,15.83,15.83,14.32,337714,514984988.0,10.49,10.01,1.44,15.61
2025-08-21,603332,16.0,15.29,16.55,15.19,378112,595257647.0,8.59,-3.41,-0.54,17.48
2025-08-22,603332,15.13,16.08,16.37,15.01,353315,557362942.0,8.89,5.17,0.79,16.33
2025-08-25,603332,15.95,15.85,16.15,15.57,232233,367796228.0,3.61,-1.43,-0.23,10.73
2025-08-26,603332,15.7,17.04,17.39,15.43,362636,596772062.0,12.37,7.51,1.19,16.76
2025-08-27,603332,16.66,16.55,16.92,16.3,249361,412336181.0,3.64,-2.88,-0.49,11.53
2025-08-28,603332,16.5,16.34,16.8,15.63,172757,279494571.0,7.07,-1.27,-0.21,7.99
2025-08-29,603332,16.17,16.1,16.8,15.8,130814,212261325.0,6.12,-1.47,-0.24,6.05
2025-09-01,603332,16.09,15.93,16.16,15.61,96595,153556001.0,3.42,-1.06,-0.17,4.46
2025-09-02,603332,15.94,15.13,15.94,15.01,109407,168260385.0,5.84,-5.02,-0.8,5.06
2025-09-03,603332,15.1,14.32,15.23,14.25,103442,151313849.0,6.48,-5.35,-0.81,4.78
2025-09-04,603332,14.25,14.29,14.61,13.92,88111,126440116.0,4.82,-0.21,-0.03,4.07
2025-09-05,603332,14.31,14.55,14.55,14.07,66575,95739803.0,3.36,1.82,0.26,3.08
2025-09-08,603332,14.76,14.65,14.79,14.41,65089,95176466.0,2.61,0.69,0.1,3.01
2025-09-09,603332,14.62,14.08,14.64,14.06,84230,120303509.0,3.96,-3.89,-0.57,3.89
2025-09-10,603332,14.07,14.18,14.25,14.0,45345,64033149.0,1.78,0.71,0.1,2.1
2025-09-11,603332,14.15,14.31,14.33,13.92,53547,75805082.0,2.89,0.92,0.13,2.48
2025-09-12,603332,14.31,14.15,14.37,14.12,51926,73902503.0,1.75,-1.12,-0.16,2.4
2025-09-15,603332,14.23,14.05,14.23,14.01,39100,55027165.0,1.55,-0.71,-0.1,1.81
2025-09-16,603332,14.0,14.18,14.18,13.93,47711,67097633.0,1.78,0.93,0.13,2.21
2025-09-17,603332,14.18,13.96,14.18,13.95,53783,75389270.0,1.62,-1.55,-0.22,2.49
2025-09-18,603332,13.97,14.74,15.36,13.92,241707,364783517.0,10.32,5.59,0.78,11.17
2025-09-19,603332,14.35,14.08,14.39,14.03,134702,190815200.0,2.44,-4.48,-0.66,6.23
2025-09-22,603332,13.92,13.34,13.92,13.13,109959,147441239.0,5.61,-5.26,-0.74,5.08
2025-09-23,603332,13.3,13.06,13.38,12.8,70644,91858093.0,4.35,-2.1,-0.28,3.27
2025-09-24,603332,13.17,13.25,13.26,12.97,45405,59615483.0,2.22,1.45,0.19,2.1
2025-09-25,603332,13.26,13.09,13.33,13.08,41469,54691615.0,1.89,-1.21,-0.16,1.92
2025-09-26,603332,13.12,13.09,13.52,12.95,66875,88897923.0,4.35,0.0,0.0,3.09
2025-09-29,603332,13.03,12.9,13.08,12.75,54190,70064347.0,2.52,-1.45,-0.19,2.5
2025-09-30,603332,13.0,12.9,13.05,12.85,40424,52159742.0,1.55,0.0,0.0,1.87
2025-10-09,603332,12.98,13.15,13.22,12.86,48461,63332936.0,2.79,1.94,0.25,2.24
2025-10-10,603332,13.07,13.28,13.35,13.05,40665,53944240.0,2.28,0.99,0.13,1.88
2025-10-13,603332,12.8,13.26,13.29,12.69,38809,50823893.0,4.52,-0.15,-0.02,1.79
2025-10-14,603332,13.26,13.18,13.45,13.09,38494,51103198.0,2.71,-0.6,-0.08,1.78
2025-10-15,603332,13.19,13.28,13.29,13.03,36046,47559923.0,1.97,0.76,0.1,1.67
2025-10-16,603332,13.29,13.09,13.34,13.02,36112,47459910.0,2.41,-1.43,-0.19,1.67
2025-10-17,603332,13.08,12.89,13.2,12.88,35580,46211872.0,2.44,-1.53,-0.2,1.64
2025-10-20,603332,12.98,13.13,13.15,12.98,32565,42617104.0,1.32,1.86,0.24,1.51
2025-10-21,603332,13.13,13.24,13.25,13.04,32560,42894141.0,1.6,0.84,0.11,1.5
2025-10-22,603332,13.5,13.33,13.5,13.23,32836,43739911.0,2.04,0.68,0.09,1.52
2025-10-23,603332,13.3,13.38,13.45,13.15,29795,39561886.0,2.25,0.38,0.05,1.38
2025-10-24,603332,13.38,13.25,13.45,13.23,28687,38217271.0,1.64,-0.97,-0.13,1.33
2025-10-27,603332,13.25,13.37,13.45,13.25,39902,53346180.0,1.51,0.91,0.12,1.84
2025-10-28,603332,13.3,13.38,13.4,13.23,28056,37468676.0,1.27,0.07,0.01,1.3
2025-10-29,603332,13.44,13.28,13.44,13.2,31533,41963263.0,1.79,-0.75,-0.1,1.46
2025-10-30,603332,13.29,13.1,13.34,13.08,31779,41832051.0,1.96,-1.36,-0.18,1.47
2025-10-31,603332,13.1,13.38,13.44,13.1,43417,58036538.0,2.6,2.14,0.28,2.01
2025-11-03,603332,13.36,13.56,13.56,13.31,44171,59600993.0,1.87,1.35,0.18,2.04
2025-11-04,603332,13.56,13.44,13.61,13.33,29741,39934236.0,2.06,-0.88,-0.12,1.37
2025-11-05,603332,13.33,13.57,13.62,13.29,35218,47703888.0,2.46,0.97,0.13,1.63
2025-11-06,603332,13.54,13.62,13.62,13.48,25844,35031315.0,1.03,0.37,0.05,1.19
2025-11-07,603332,13.58,13.71,13.79,13.56,35013,47995047.0,1.69,0.66,0.09,1.62
2025-11-10,603332,13.71,13.81,13.96,13.65,48096,66383592.0,2.26,0.73,0.1,2.22
2025-11-11,603332,13.83,13.92,13.93,13.7,38359,53186735.0,1.67,0.8,0.11,1.77
2025-11-12,603332,14.02,13.72,14.02,13.63,36992,50818073.0,2.8,-1.44,-0.2,1.71
2025-11-13,603332,13.84,13.71,13.84,13.6,33771,46243118.0,1.75,-0.07,-0.01,1.56
2025-11-14,603332,13.71,14.11,14.49,13.69,129811,183665230.0,5.84,2.92,0.4,6.0
2025-11-17,603332,13.9,13.81,13.9,13.23,98235,134866904.0,4.75,-2.13,-0.3,4.54
2025-11-18,603332,13.93,13.6,13.93,13.55,51030,69675990.0,2.75,-1.52,-0.21,2.36
2025-11-19,603332,13.6,13.4,13.76,13.29,41650,56035165.0,3.46,-1.47,-0.2,1.93
2025-11-20,603332,13.42,13.17,13.58,13.06,42733,56422946.0,3.88,-1.72,-0.23,1.98
2025-11-21,603332,13.07,12.46,13.16,12.42,60627,76864629.0,5.62,-5.39,-0.71,2.8
2025-11-24,603332,12.6,12.82,12.84,12.48,39695,50491955.0,2.89,2.89,0.36,1.83
2025-11-25,603332,12.91,13.0,13.1,12.79,22471,29155953.0,2.42,1.4,0.18,1.04
2025-11-26,603332,13.02,12.8,13.11,12.76,25537,33057689.0,2.69,-1.54,-0.2,1.18
2025-11-27,603332,12.84,12.88,13.0,12.7,22345,28852092.0,2.34,0.63,0.08,1.03
2025-11-28,603332,12.91,12.92,12.99,12.75,12148,15688065.0,1.86,0.31,0.04,0.56
2025-12-01,603332,13.06,13.0,13.2,12.94,28225,36926385.0,2.0,0.0,0.0,1.3
2025-12-02,603332,13.0,12.93,13.05,12.85,19769,25590799.0,1.54,-0.54,-0.07,0.91
2025-12-03,603332,12.87,12.72,12.97,12.66,20846,26622316.0,2.4,-1.62,-0.21,0.96
2025-12-04,603332,12.7,12.5,12.84,12.44,22239,27925651.0,3.14,-1.73,-0.22,1.03
2025-12-05,603332,12.5,12.81,13.42,12.5,72019,92137340.0,7.36,2.48,0.31,3.33
2025-12-08,603332,12.87,12.88,12.98,12.7,48360,62277385.0,2.19,0.55,0.07,2.24
2025-12-09,603332,12.87,12.68,12.95,12.66,26474,33814917.0,2.25,-1.55,-0.2,1.22
2025-12-10,603332,12.65,12.57,12.75,12.53,25273,31879350.0,1.74,-0.87,-0.11,1.17
2025-12-11,603332,12.66,12.22,12.66,12.21,33016,40769694.0,3.58,-2.78,-0.35,1.53
2025-12-12,603332,12.22,12.13,12.39,12.08,30482,37249709.0,2.54,-0.74,-0.09,1.41
2025-12-15,603332,12.03,12.27,12.34,12.02,29964,36665142.0,2.64,1.15,0.14,1.39
2025-12-16,603332,12.28,12.09,12.43,12.02,26025,31503162.0,3.34,-1.47,-0.18,1.2
2025-12-17,603332,12.09,12.09,12.15,11.82,28802,34481618.0,2.73,0.0,0.0,1.33
2025-12-18,603332,12.18,12.28,12.4,12.01,35798,43993186.0,3.23,1.57,0.19,1.65
2025-12-19,603332,12.32,12.47,12.49,12.2,29581,36685904.0,2.36,1.55,0.19,1.37
2025-12-22,603332,12.47,12.44,12.58,12.41,19240,24032818.0,1.36,-0.24,-0.03,0.89
2025-12-23,603332,12.45,12.33,12.45,12.27,16753,20673669.0,1.45,-0.88,-0.11,0.77
2025-12-24,603332,12.34,12.54,12.88,12.25,56431,71075482.0,5.11,1.7,0.21,2.61
2025-12-25,603332,12.49,12.75,12.75,12.45,44433,56126992.0,2.39,1.67,0.21,2.05
2025-12-26,603332,12.83,12.54,12.83,12.54,33705,42514091.0,2.27,-1.65,-0.21,1.56
2025-12-29,603332,12.54,13.79,13.79,12.53,101195,137620068.0,10.05,9.97,1.25,4.68
2025-12-30,603332,13.79,13.32,13.79,13.24,193458,258765049.0,3.99,-3.41,-0.47,8.94
2025-12-31,603332,13.26,13.88,14.33,13.11,214236,292882086.0,9.16,4.2,0.56,9.9
2026-01-05,603332,13.87,13.65,13.89,13.52,112373,153800022.0,2.67,-1.66,-0.23,5.19
2026-01-06,603332,13.65,13.52,13.75,13.44,74172,100360545.0,2.27,-0.95,-0.13,3.43
2026-01-07,603332,13.47,13.61,13.74,13.34,103979,140988011.0,2.96,0.67,0.09,4.81
2026-01-08,603332,13.49,13.7,13.72,13.38,74930,101987946.0,2.5,0.66,0.09,3.46
2026-01-09,603332,13.63,13.73,13.73,13.43,69381,94343417.0,2.19,0.22,0.03,3.21
2026-01-12,603332,13.73,13.74,13.75,13.58,83304,113801990.0,1.24,0.07,0.01,3.85
2026-01-13,603332,13.9,13.44,13.98,13.41,86281,117823966.0,4.15,-2.18,-0.3,3.99
2026-01-14,603332,13.44,13.59,13.74,13.36,74899,101736016.0,2.83,1.12,0.15,3.46
2026-01-15,603332,13.48,13.72,13.82,13.47,58820,80415074.0,2.58,0.96,0.13,2.72
2026-01-16,603332,13.67,13.82,13.93,13.57,79949,110239149.0,2.62,0.73,0.1,3.7
2026-01-19,603332,13.82,14.11,14.12,13.82,93345,130571450.0,2.17,2.1,0.29,4.31
2026-01-20,603332,14.11,14.6,15.52,13.9,224844,328322946.0,11.48,3.47,0.49,10.39
2026-01-21,603332,14.6,14.33,14.66,13.93,152951,217006535.0,5.0,-1.85,-0.27,7.07
2026-01-22,603332,14.21,14.14,14.38,13.91,98597,139509391.0,3.28,-1.33,-0.19,4.56
2026-01-23,603332,14.2,14.27,14.8,14.08,104078,148979099.0,5.09,0.92,0.13,4.81
2026-01-27,603332,14.05,14.2,14.59,13.93,9602376,136762912.0,4.7,1.14,0.16,0.0
2026-01-28,603332,14.08,13.85,14.3,13.7,5518194,76968760.0,4.23,-2.46,-0.35,0.0
2026-01-29,603332,13.58,13.47,13.79,13.38,58018,78796768.0,3.01,-0.96,-0.13,2.68
2026-01-30,603332,13.5,13.69,13.77,13.3,60046,81327752.0,3.49,1.63,0.22,2.78
2026-02-02,603332,13.68,13.31,13.68,13.29,48148,64941336.0,2.85,-2.78,-0.38,2.23
2026-02-03,603332,13.32,13.6,13.63,13.31,37665,50936804.0,2.4,2.18,0.29,1.74
2026-02-04,603332,13.61,13.86,13.87,13.51,47132,64958392.0,2.65,1.91,0.26,2.18
2026-02-05,603332,13.81,13.7,13.95,13.68,34053,46931412.0,1.95,-1.15,-0.16,1.57
2026-02-06,603332,13.68,13.9,14.0,13.53,44763,62162360.0,3.43,1.46,0.2,2.07
2026-02-09,603332,13.96,14.04,14.16,13.9,33898,47515616.0,1.87,1.01,0.14,1.57
2026-02-10,603332,14.09,13.97,14.09,13.92,29490,41283728.0,1.21,-0.5,-0.07,1.36
2026-02-11,603332,13.96,14.0,14.23,13.84,41701,58680480.0,2.79,0.21,0.03,1.93
2026-02-12,603332,14.0,13.9,14.03,13.78,34511,48110612.0,1.79,-0.71,-0.1,1.6
2026-02-13,603332,14.02,13.73,14.02,13.68,27724,38389872.0,2.45,-1.22,-0.17,1.28
2026-02-24,603332,13.91,14.06,14.08,13.88,36929,51737476.0,1.46,2.4,0.33,1.71
2026-02-25,603332,14.13,14.07,14.21,14.0,35967,50776112.0,1.49,0.07,0.01,1.66
2026-02-26,603332,14.16,14.11,14.18,14.01,35826,50458232.0,1.21,0.28,0.04,1.66
2026-02-27,603332,14.04,14.06,14.14,13.97,25811,36204988.0,1.2,-0.35,-0.05,1.19
